Event Label	Date/Time	Lat	Lon	Bottle Nr.	Pressure [dbar]	in-situ temperature ITS-90 [°C]	Quality flag	practical Salinity PSU78 [ ]	Quality flag	Oxygen [ml/l]	Quality flag	conservative Temp ITS-90 [°C]	Quality flag	potential Temp. ref. pres. 0 dbar [°C]	absolute Salinity [g/kg]	potential density anomaly ref. pres. 0 dbar [kg/m^3]	Quality flag	oxygen satuaration [ml/l]	oxygen saturation [%]	conductivity [mS/cm]	Quality flag	fluorescence chl-a uncalibrated [mg/m^3]	Quality flag	beam transmission uncalibrated [%]	Quality flag	PAR/Irradiance [unknown]	Quality flag	SPAR/Surface Irradiance [unknown]	Quality flag	fluorescence cdom uncalibrated [mg/m^3]	Quality flag	rhodamine [ppb]	Quality flag
PS122/2_16-94	2019-12-15T11:19:00	86.6191	117.9737	 1	 101	-1.0274	1	34.4229	1	7.2544	1	...-1.0265	1	-1.0300	34.5873	27.6902	1	8.30	87.37	27.7819	1	0.3661	0	92.2186	0	0.0267	0	NaN	0	NaN	0	NaN	0
PS122/2_16-94	2019-12-15T11:19:00	86.6191	117.9737	 2	 101	-1.0293	1	34.4235	1	7.2473	1	...-1.0284	1	-1.0319	34.5879	27.6907	1	8.30	87.29	27.7807	1	0.3717	0	92.2154	0	0.0277	0	NaN	0	NaN	0	NaN	0
PS122/2_16-54	2019-12-21T10:39:00	86.6881	112.3502	 1	 253	1.1488	1	34.8459	1	6.6833	1	...1.1373	1	1.1369	35.0124	27.9145	1	7.81	85.53	30.0284	1	0.3605	0	91.6704	0	0.0220	0	NaN	0	NaN	0	NaN	0
PS122/2_16-54	2019-12-21T10:39:00	86.6881	112.3502	 2	 177	1.1818	1	34.8411	1	6.6948	1	...1.1740	1	1.1735	35.0075	27.9081	1	7.81	85.74	30.0185	1	0.3611	0	91.5697	0	0.0230	0	NaN	0	NaN	0	NaN	0
PS122/2_16-54	2019-12-21T10:39:00	86.6881	112.3502	 3	 101	-1.0363	1	34.4161	1	7.3559	1	...-1.0354	1	-1.0389	34.5804	27.6850	1	8.31	88.57	27.7696	1	0.3779	0	91.3107	0	0.0298	0	NaN	0	NaN	0	NaN	0
PS122/2_16-54	2019-12-21T10:39:00	86.6881	112.3502	 4	  76	-1.6220	1	34.2393	1	7.6170	1	...-1.6196	1	-1.6235	34.4030	27.5618	1	8.45	90.15	27.1412	1	0.3929	0	91.1712	0	0.0300	0	NaN	0	NaN	0	NaN	0
PS122/2_16-54	2019-12-21T10:39:00	86.6881	112.3502	 5	  51	-1.7280	1	33.7212	1	8.0921	1	...-1.7242	1	-1.7289	33.8829	27.1445	1	8.50	95.15	26.6699	1	0.4222	0	91.1413	0	0.0340	0	NaN	0	NaN	0	NaN	0
PS122/2_16-54	2019-12-21T10:39:00	86.6881	112.3502	 6	  40	-1.7091	1	33.0113	1	8.4091	1	...-1.7041	1	-1.7097	33.1693	26.5673	1	8.54	98.45	26.1696	1	0.4241	0	91.0054	0	0.0321	0	NaN	0	NaN	0	NaN	0
PS122/2_16-54	2019-12-21T10:39:00	86.6881	112.3502	 7	  30	-1.7573	1	32.0290	1	8.7037	1	...-1.7511	1	-1.7577	32.1824	25.7708	1	8.61	101.07	25.4181	1	0.4247	0	90.7961	0	0.0361	0	NaN	0	NaN	0	NaN	0
PS122/2_16-54	2019-12-21T10:39:00	86.6881	112.3502	 8	  10	-1.7488	1	31.9004	1	8.7018	1	...-1.7421	1	-1.7489	32.0530	25.6661	1	8.62	100.99	25.3229	1	0.4216	0	90.9047	0	0.0362	0	NaN	0	NaN	0	NaN	0
PS122/2_16-54	2019-12-21T10:39:00	86.6881	112.3502	 9	   2	-1.7480	1	31.9017	1	8.7029	1	...-1.7412	1	-1.7480	32.0539	25.6667	1	8.62	101.00	25.3209	1	0.4216	0	90.9047	0	0.4611	0	NaN	0	NaN	0	NaN	0
PS122/2_17-8	2019-12-23T07:00:00	86.6473	113.0161	 1	 354	1.2761	1	34.9017	1	6.7419	1	...1.2587	1	1.2587	35.0686	27.9509	1	7.79	86.60	30.2285	1	0.3605	0	91.1605	0	0.0197	0	NaN	0	NaN	0	NaN	0
PS122/2_17-8	2019-12-23T07:00:00	86.6473	113.0161	 2	 324	1.3194	1	34.9045	1	6.7452	1	...1.3034	1	1.3034	35.0713	27.9500	1	7.78	86.74	30.2547	1	0.3605	0	91.1451	0	0.0209	0	NaN	0	NaN	0	NaN	0
PS122/2_17-8	2019-12-23T07:00:00	86.6473	113.0161	 3	 278	1.1817	1	34.8706	1	6.6936	1	...1.1687	1	1.1684	35.0373	27.9322	1	7.81	85.75	30.0877	1	0.3605	0	91.1243	0	0.0222	0	NaN	0	NaN	0	NaN	0
PS122/2_17-8	2019-12-23T07:00:00	86.6473	113.0161	 4	 227	1.0810	1	34.8365	1	6.6803	1	...1.0711	1	1.0705	35.0029	27.9115	1	7.83	85.33	29.9505	1	0.3605	0	91.1046	0	0.0234	0	NaN	0	NaN	0	NaN	0
PS122/2_17-8	2019-12-23T07:00:00	86.6473	113.0161	 5	 202	1.1050	1	34.8360	1	6.6862	1	...1.0962	1	1.0957	35.0024	27.9093	1	7.82	85.46	29.9592	1	0.3605	0	91.0859	0	0.0240	0	NaN	0	NaN	0	NaN	0
PS122/2_17-8	2019-12-23T07:00:00	86.6473	113.0161	 6	 172	0.5705	1	34.7035	1	6.7936	1	...0.5651	1	0.5635	34.8692	27.8372	1	7.94	85.55	29.3814	1	0.3605	0	91.0304	0	0.0229	0	NaN	0	NaN	0	NaN	0
PS122/2_17-8	2019-12-23T07:00:00	86.6473	113.0161	 7	 152	0.0797	1	34.6096	1	6.8889	1	...0.0766	1	0.0742	34.7749	27.7897	1	8.05	85.58	28.8805	1	0.3649	0	90.9735	0	0.0229	0	NaN	0	NaN	0	NaN	0
PS122/2_17-8	2019-12-23T07:00:00	86.6473	113.0161	 8	 101	-1.1944	1	34.3807	1	7.3538	1	...-1.1932	1	-1.1968	34.5448	27.6622	1	8.34	88.15	27.6112	1	0.3773	0	90.8366	0	0.0272	0	NaN	0	NaN	0	NaN	0
PS122/2_17-8	2019-12-23T07:00:00	86.6473	113.0161	 9	  75	-1.6645	1	34.1500	1	7.6605	1	...-1.6619	1	-1.6659	34.3133	27.4905	1	8.46	90.51	27.0415	1	0.3916	0	90.7247	0	0.0295	0	NaN	0	NaN	0	NaN	0
PS122/2_17-8	2019-12-23T07:00:00	86.6473	113.0161	10	  50	-1.7257	1	33.6207	1	8.1504	1	...-1.7217	1	-1.7265	33.7820	27.0628	1	8.51	95.78	26.5993	1	0.4222	0	90.6410	0	0.0309	0	NaN	0	NaN	0	NaN	0
PS122/2_17-8	2019-12-23T07:00:00	86.6473	113.0161	11	  35	-1.7680	1	32.2088	1	8.6937	1	...-1.7620	1	-1.7684	32.3630	25.9170	1	8.60	101.05	25.5417	1	0.4260	0	90.4673	0	0.0300	0	NaN	0	NaN	0	NaN	0
PS122/2_17-8	2019-12-23T07:00:00	86.6473	113.0161	12	   5	-1.7601	1	32.0667	1	8.6922	1	...-1.7536	1	-1.7601	32.2198	25.8011	1	8.61	100.96	25.4320	1	0.4228	0	90.5025	0	0.0557	0	NaN	0	NaN	0	NaN	0
PS122/2_17-18	2019-12-24T06:53:00	86.6267	113.7605	 1	 253	1.3283	1	34.8805	1	6.7274	1	...1.3161	1	1.3160	35.0472	27.9298	1	7.78	86.51	30.2115	1	0.3605	0	90.7588	0	0.0222	0	NaN	0	NaN	0	NaN	0
PS122/2_17-18	2019-12-24T06:53:00	86.6267	113.7605	 2	 162	0.5437	1	34.6941	1	6.8118	1	...0.5389	1	0.5371	34.8598	27.8312	1	7.95	85.72	29.3467	1	0.3605	0	90.6815	0	0.0210	0	NaN	0	NaN	0	NaN	0
PS122/2_17-18	2019-12-24T06:53:00	86.6267	113.7605	 3	 111	-0.8974	1	34.4468	1	7.3872	1	...-0.8970	1	-0.9004	34.6112	27.7044	1	8.27	89.30	27.9133	1	0.3767	0	90.4897	0	0.0271	0	NaN	0	NaN	0	NaN	0
PS122/2_17-18	2019-12-24T06:53:00	86.6267	113.7605	 4	  76	-1.7121	1	34.1754	1	7.9598	1	...-1.7095	1	-1.7135	34.3388	27.5125	1	8.47	93.94	27.0206	1	0.4216	0	90.3208	0	0.0307	0	NaN	0	NaN	0	NaN	0
PS122/2_17-18	2019-12-24T06:53:00	86.6267	113.7605	 5	  51	-1.7275	1	33.6317	1	8.1219	1	...-1.7236	1	-1.7283	33.7930	27.0718	1	8.51	95.45	26.6059	1	0.4247	0	90.2921	0	0.0285	0	NaN	0	NaN	0	NaN	0
PS122/2_17-18	2019-12-24T06:53:00	86.6267	113.7605	 6	  41	-1.7625	1	32.2793	1	8.6673	1	...-1.7567	1	-1.7630	32.4338	25.9741	1	8.60	100.81	25.5993	1	0.4284	0	90.1151	0	0.0306	0	NaN	0	NaN	0	NaN	0
PS122/2_17-18	2019-12-24T06:53:00	86.6267	113.7605	 7	  30	-1.7653	1	32.1645	1	8.6746	1	...-1.7592	1	-1.7657	32.3186	25.8810	1	8.61	100.81	25.5098	1	0.4235	0	90.1519	0	0.0306	0	NaN	0	NaN	0	NaN	0
PS122/2_17-18	2019-12-24T06:53:00	86.6267	113.7605	 8	  20	-1.7625	1	32.1262	1	8.6572	1	...-1.7562	1	-1.7627	32.2797	25.8495	1	8.61	100.59	25.4798	1	0.4235	0	90.1673	0	0.0312	0	NaN	0	NaN	0	NaN	0
PS122/2_17-18	2019-12-24T06:53:00	86.6267	113.7605	 9	  10	-1.7606	1	32.0873	1	8.6503	1	...-1.7542	1	-1.7607	32.2408	25.8181	1	8.61	100.49	25.4488	1	0.4260	0	90.2078	0	0.0341	0	NaN	0	NaN	0	NaN	0
PS122/2_17-18	2019-12-24T06:53:00	86.6267	113.7605	10	   2	-1.7603	1	32.0875	1	8.6519	1	...-1.7537	1	-1.7603	32.2406	25.8179	1	8.61	100.51	25.4456	1	0.4278	0	90.2084	0	0.2739	0	NaN	0	NaN	0	NaN	0
PS122/2_17-78	2019-12-28T06:49:00	86.6768	115.7219	 1	 344	1.3670	1	34.9080	1	6.7190	1	...1.3498	1	1.3498	35.0749	27.9495	1	7.77	86.51	30.3081	1	0.3605	0	91.0539	0	0.0186	0	NaN	0	NaN	0	NaN	0
PS122/2_17-78	2019-12-28T06:49:00	86.6768	115.7219	 2	 303	1.2150	1	34.8737	1	6.6606	1	...1.2007	1	1.2004	35.0404	27.9325	1	7.80	85.40	30.1304	1	0.3611	0	91.0171	0	0.0218	0	NaN	0	NaN	0	NaN	0
PS122/2_17-78	2019-12-28T06:49:00	86.6768	115.7219	 3	 252	1.3313	1	34.8812	1	6.6781	1	...1.3191	1	1.3190	35.0479	27.9301	1	7.78	85.89	30.2143	1	0.3630	0	90.9857	0	0.0194	0	NaN	0	NaN	0	NaN	0
PS122/2_17-78	2019-12-28T06:49:00	86.6768	115.7219	 4	 227	1.1390	1	34.8389	1	6.6620	1	...1.1289	1	1.1284	35.0054	27.9095	1	7.82	85.23	30.0026	1	0.3617	0	90.9697	0	0.0190	0	NaN	0	NaN	0	NaN	0
PS122/2_17-78	2019-12-28T06:49:00	86.6768	115.7219	 5	 202	1.1607	1	34.8400	1	6.6618	1	...1.1517	1	1.1513	35.0064	27.9087	1	7.81	85.28	30.0107	1	0.3611	0	90.9404	0	0.0233	0	NaN	0	NaN	0	NaN	0
PS122/2_17-78	2019-12-28T06:49:00	86.6768	115.7219	 6	 172	1.0966	1	34.8196	1	6.7305	1	...1.0894	1	1.0887	34.9859	27.8966	1	7.83	86.00	29.9254	1	0.3611	0	90.9106	0	0.0228	0	NaN	0	NaN	0	NaN	0
PS122/2_17-78	2019-12-28T06:49:00	86.6768	115.7219	 7	 151	0.3650	1	34.6611	1	6.8317	1	...0.3611	1	0.3591	34.8266	27.8152	1	7.99	85.54	29.1634	1	0.3605	0	90.8675	0	0.0212	0	NaN	0	NaN	0	NaN	0
PS122/2_17-78	2019-12-28T06:49:00	86.6768	115.7219	 8	 101	-1.0700	1	34.4385	1	7.3083	1	...-1.0691	1	-1.0725	34.6029	27.7044	1	8.31	87.93	27.7575	1	0.3748	0	90.6980	0	0.0282	0	NaN	0	NaN	0	NaN	0
PS122/2_17-78	2019-12-28T06:49:00	86.6768	115.7219	 9	  72	-1.6804	1	34.2036	1	7.7691	1	...-1.6778	1	-1.6817	34.3672	27.5346	1	8.46	91.78	27.0654	1	0.3960	0	90.5637	0	0.0289	0	NaN	0	NaN	0	NaN	0
PS122/2_17-78	2019-12-28T06:49:00	86.6768	115.7219	10	  50	-1.7466	1	33.8304	1	8.1460	1	...-1.7430	1	-1.7474	33.9927	27.2337	1	8.50	95.81	26.7328	1	0.4079	0	90.4993	0	0.0314	0	NaN	0	NaN	0	NaN	0
PS122/2_17-78	2019-12-28T06:49:00	86.6768	115.7219	11	  34	-1.7357	1	32.1416	1	8.5696	1	...-1.7296	1	-1.7361	32.2956	25.8618	1	8.60	99.65	25.5178	1	0.4228	0	90.3379	0	0.0329	0	NaN	0	NaN	0	NaN	0
PS122/2_17-78	2019-12-28T06:49:00	86.6768	115.7219	12	   5	-1.7439	1	31.7822	1	8.6313	1	...-1.7370	1	-1.7439	31.9340	25.5698	1	8.62	100.10	25.2390	1	0.4428	0	90.4119	0	0.0494	0	NaN	0	NaN	0	NaN	0
PS122/2_18-5	2019-12-30T07:10:00	86.6097	116.5148	 1	 354	1.3598	1	34.9546	1	6.7381	1	...1.3417	1	1.3421	35.1218	27.9875	1	7.77	86.77	30.3430	1	0.3605	0	91.2053	0	0.0258	0	NaN	0	NaN	0	NaN	0
PS122/2_18-5	2019-12-30T07:10:00	86.6097	116.5148	 2	 323	1.2899	1	34.9360	1	6.7400	1	...1.2738	1	1.2740	35.1031	27.9774	1	7.78	86.62	30.2536	1	0.3617	0	91.1637	0	0.0227	0	NaN	0	NaN	0	NaN	0
PS122/2_18-5	2019-12-30T07:10:00	86.6097	116.5148	 3	 253	1.3837	1	34.9313	1	6.7212	1	...1.3710	1	1.3712	35.0983	27.9666	1	7.76	86.59	30.2995	1	0.3605	0	91.1280	0	0.0217	0	NaN	0	NaN	0	NaN	0
PS122/2_18-5	2019-12-30T07:10:00	86.6097	116.5148	 4	 222	1.2114	1	34.8915	1	6.6970	1	...1.2010	1	1.2009	35.0583	27.9467	1	7.80	85.87	30.1043	1	0.3605	0	91.0838	0	0.0235	0	NaN	0	NaN	0	NaN	0
PS122/2_18-5	2019-12-30T07:10:00	86.6097	116.5148	 5	 187	1.2070	1	34.8914	1	6.7020	1	...1.1983	1	1.1982	35.0581	27.9468	1	7.80	85.92	30.0841	1	0.3617	0	91.0635	0	0.0217	0	NaN	0	NaN	0	NaN	0
PS122/2_18-5	2019-12-30T07:10:00	86.6097	116.5148	 6	 164	1.1015	1	34.8646	1	6.7864	1	...1.0943	1	1.0940	35.0312	27.9325	1	7.82	86.75	29.9610	1	0.3611	0	91.0283	0	0.0212	0	NaN	0	NaN	0	NaN	0
PS122/2_18-5	2019-12-30T07:10:00	86.6097	116.5148	 7	 151	0.8032	1	34.7950	1	6.7808	1	...0.7977	1	0.7967	34.9612	27.8963	1	7.89	85.97	29.6430	1	0.3605	0	90.9990	0	0.0220	0	NaN	0	NaN	0	NaN	0
PS122/2_18-5	2019-12-30T07:10:00	86.6097	116.5148	 8	 101	-0.9571	1	34.4816	1	7.3238	1	...-0.9565	1	-0.9598	34.6463	27.7350	1	8.28	88.41	27.8839	1	0.3605	0	90.8153	0	0.0277	0	NaN	0	NaN	0	NaN	0
PS122/2_18-5	2019-12-30T07:10:00	86.6097	116.5148	 9	  75	-1.6483	1	34.3395	1	7.7832	1	...-1.6460	1	-1.6498	34.5038	27.6440	1	8.45	92.12	27.1911	1	0.3929	0	90.6788	0	0.0312	0	NaN	0	NaN	0	NaN	0
PS122/2_18-5	2019-12-30T07:10:00	86.6097	116.5148	10	  50	-1.7470	1	34.0074	1	8.0999	1	...-1.7436	1	-1.7479	34.1706	27.3775	1	8.49	95.39	26.8595	1	0.4091	0	90.6756	0	0.0300	0	NaN	0	NaN	0	NaN	0
PS122/2_18-5	2019-12-30T07:10:00	86.6097	116.5148	11	  35	-1.7406	1	32.8841	1	8.4538	1	...-1.7354	1	-1.7411	33.0416	26.4649	1	8.56	98.80	26.0503	1	0.4222	0	90.4514	0	0.0352	0	NaN	0	NaN	0	NaN	0
PS122/2_18-5	2019-12-30T07:10:00	86.6097	116.5148	12	   5	-1.7411	1	31.7589	1	8.6549	1	...-1.7342	1	-1.7411	31.9107	25.5509	1	8.62	100.36	25.2243	1	0.4235	0	90.5733	0	0.0505	0	NaN	0	NaN	0	NaN	0
PS122/2_18-16	2019-12-31T06:43:00	86.5824	117.7692	 1	 253	1.3547	1	34.8820	1	6.7069	1	...1.3424	1	1.3423	35.0487	27.9291	1	7.77	86.31	30.2355	1	0.3611	0	91.5516	0	0.0229	0	NaN	0	NaN	0	NaN	0
PS122/2_18-16	2019-12-31T06:43:00	86.5824	117.7692	 2	 182	1.1961	1	34.8427	1	6.6864	1	...1.1880	1	1.1876	35.0091	27.9084	1	7.80	85.67	30.0343	1	0.3481	0	91.3619	0	0.0198	0	NaN	0	NaN	0	NaN	0
PS122/2_18-16	2019-12-31T06:43:00	86.5824	117.7692	 3	 111	-0.6403	1	34.4844	1	7.3036	1	...-0.6404	1	-0.6436	34.6490	27.7239	1	8.21	88.93	28.1574	1	0.3605	0	91.1552	0	0.0269	0	NaN	0	NaN	0	NaN	0
PS122/2_18-16	2019-12-31T06:43:00	86.5824	117.7692	 4	  76	-1.6170	1	34.2695	1	7.6406	1	...-1.6146	1	-1.6185	34.4334	27.5862	1	8.45	90.46	27.1669	1	0.4284	0	91.0587	0	0.0300	0	NaN	0	NaN	0	NaN	0
PS122/2_18-16	2019-12-31T06:43:00	86.5824	117.7692	 5	  51	-1.7100	1	33.9141	1	7.8434	1	...-1.7065	1	-1.7109	34.0768	27.3007	1	8.49	92.40	26.8231	1	0.4029	0	91.0155	0	0.0310	0	NaN	0	NaN	0	NaN	0
PS122/2_18-16	2019-12-31T06:43:00	86.5824	117.7692	 6	  51	-1.7099	1	33.9144	1	7.8554	1	...-1.7064	1	-1.7108	34.0771	27.3010	1	8.49	92.54	26.8234	1	0.4004	0	91.0129	0	0.0340	0	NaN	0	NaN	0	NaN	0
PS122/2_18-16	2019-12-31T06:43:00	86.5824	117.7692	 7	  40	-1.7243	1	33.3413	1	8.2971	1	...-1.7198	1	-1.7249	33.5009	26.8356	1	8.53	97.32	26.3950	1	0.4247	0	90.8344	0	0.0307	0	NaN	0	NaN	0	NaN	0
PS122/2_18-16	2019-12-31T06:43:00	86.5824	117.7692	 8	  30	-1.7688	1	32.2459	1	8.6129	1	...-1.7628	1	-1.7692	32.4005	25.9473	1	8.60	100.14	25.5657	1	0.4235	0	90.8003	0	0.0327	0	NaN	0	NaN	0	NaN	0
PS122/2_18-16	2019-12-31T06:43:00	86.5824	117.7692	 9	  20	-1.7599	1	32.0759	1	8.6263	1	...-1.7536	1	-1.7601	32.2291	25.8086	1	8.61	100.20	25.4455	1	0.4253	0	90.8046	0	0.0322	0	NaN	0	NaN	0	NaN	0
PS122/2_18-16	2019-12-31T06:43:00	86.5824	117.7692	10	  10	-1.7455	1	31.8253	1	8.6522	1	...-1.7387	1	-1.7456	31.9776	25.6051	1	8.62	100.37	25.2712	1	0.4278	0	90.8701	0	0.0348	0	NaN	0	NaN	0	NaN	0
PS122/2_18-16	2019-12-31T06:43:00	86.5824	117.7692	11	   5	-1.7459	1	31.8246	1	8.6578	1	...-1.7391	1	-1.7459	31.9767	25.6043	1	8.62	100.43	25.2681	1	0.4247	0	90.8707	0	0.0518	0	NaN	0	NaN	0	NaN	0
PS122/2_18-16	2019-12-31T06:43:00	86.5824	117.7692	12	   2	-1.7464	1	31.8254	1	8.6544	1	...-1.7395	1	-1.7464	31.9773	25.6048	1	8.62	100.39	25.2670	1	0.4241	0	90.8589	0	0.2878	0	NaN	0	NaN	0	NaN	0
PS122/2_18-81	2020-01-04T06:38:00	86.9943	115.3961	 1	 354	1.3406	1	34.9034	1	6.7079	3	...1.3230	1	1.3230	35.0703	27.9477	1	7.77	86.30	30.2860	1	0.3605	0	91.1536	0	0.0297	0	NaN	0	NaN	0	NaN	0
PS122/2_18-81	2020-01-04T06:38:00	86.9943	115.3961	 2	 324	1.2140	1	34.8715	1	6.6144	3	...1.1986	1	1.1983	35.0382	27.9309	1	7.80	84.80	30.1373	1	0.3605	0	91.0864	0	0.0301	0	NaN	0	NaN	0	NaN	0
PS122/2_18-81	2020-01-04T06:38:00	86.9943	115.3961	 3	 278	1.3372	1	34.8796	1	6.6657	3	...1.3237	1	1.3236	35.0463	27.9285	1	7.77	85.74	30.2298	1	0.3505	0	91.0752	0	0.0312	0	NaN	0	NaN	0	NaN	0
PS122/2_18-81	2020-01-04T06:38:00	86.9943	115.3961	 4	 228	1.1895	1	34.8426	1	6.6379	3	...1.1792	1	1.1788	35.0091	27.9090	1	7.81	85.03	30.0495	1	0.3481	0	91.0241	0	0.0286	0	NaN	0	NaN	0	NaN	0
PS122/2_18-81	2020-01-04T06:38:00	86.9943	115.3961	 5	 202	1.1882	1	34.8428	1	6.6428	3	...1.1792	1	1.1787	35.0092	27.9091	1	7.81	85.09	30.0368	1	0.3605	0	91.0038	0	0.0269	0	NaN	0	NaN	0	NaN	0
PS122/2_18-81	2020-01-04T06:38:00	86.9943	115.3961	 6	 172	1.0096	1	34.7955	1	6.7102	3	...1.0027	1	1.0019	34.9617	27.8832	1	7.85	85.53	29.8314	1	0.3605	0	90.9500	0	0.0261	0	NaN	0	NaN	0	NaN	0
PS122/2_18-81	2020-01-04T06:38:00	86.9943	115.3961	 7	 152	0.2284	1	34.6363	1	6.7662	3	...0.2249	1	0.2227	34.8017	27.8031	1	8.02	84.41	29.0277	1	0.3605	0	90.8701	0	0.0297	0	NaN	0	NaN	0	NaN	0
PS122/2_18-81	2020-01-04T06:38:00	86.9943	115.3961	 8	 101	-1.1735	1	34.4009	1	7.3713	3	...-1.1724	1	-1.1759	34.5652	27.6778	1	8.34	88.42	27.6434	1	0.3605	0	90.7039	0	0.0316	0	NaN	0	NaN	0	NaN	0
PS122/2_18-81	2020-01-04T06:38:00	86.9943	115.3961	 9	  76	-1.5528	1	34.2177	1	7.3723	3	...-1.5504	1	-1.5543	34.3814	27.5422	1	8.43	87.41	27.1829	1	0.3910	0	90.6649	0	0.0388	0	NaN	0	NaN	0	NaN	0
PS122/2_18-81	2020-01-04T06:38:00	86.9943	115.3961	10	  50	-1.7078	1	33.4945	1	7.8370	3	...-1.7036	1	-1.7086	33.6553	26.9600	1	8.51	92.06	26.5232	1	0.4216	0	90.6032	0	0.0388	0	NaN	0	NaN	0	NaN	0
PS122/2_18-81	2020-01-04T06:38:00	86.9943	115.3961	11	  35	-1.7418	1	31.7826	1	8.5178	3	...-1.7353	1	-1.7422	31.9349	25.5705	1	8.62	98.79	25.2542	1	0.4216	0	90.4657	0	0.0387	0	NaN	0	NaN	0	NaN	0
PS122/2_18-81	2020-01-04T06:38:00	86.9943	115.3961	12	   5	-1.7357	1	31.6617	1	8.5380	3	...-1.7287	1	-1.7357	31.8130	25.4718	1	8.63	98.96	25.1582	1	0.4216	0	90.5110	0	0.0500	0	NaN	0	NaN	0	NaN	0
PS122/2_19-4	2020-01-06T06:39:00	87.1009	115.1953	 1	 354	1.3447	1	34.9047	1	6.7654	1	...1.3270	1	1.3271	35.0716	27.9485	1	7.77	87.05	30.2906	1	0.3611	0	90.6085	0	0.0262	0	NaN	0	NaN	0	NaN	0
PS122/2_19-4	2020-01-06T06:39:00	87.1009	115.1953	 2	 324	1.2142	1	34.8732	1	6.5972	3	...1.1988	1	1.1986	35.0399	27.9322	1	7.80	84.58	30.1386	1	0.3605	0	90.5600	0	0.0194	0	NaN	0	NaN	0	NaN	0
PS122/2_19-4	2020-01-06T06:39:00	87.1009	115.1953	 3	 253	1.1938	1	34.8635	1	6.5654	3	...1.1821	1	1.1818	35.0301	27.9256	1	7.80	84.13	30.0812	1	0.3617	0	90.5494	0	0.0286	0	NaN	0	NaN	0	NaN	0
PS122/2_19-4	2020-01-06T06:39:00	87.1009	115.1953	 4	 202	1.1807	1	34.8433	1	6.5407	3	...1.1717	1	1.1712	35.0097	27.9100	1	7.81	83.77	30.0306	1	0.3605	0	90.5238	0	0.0265	0	NaN	0	NaN	0	NaN	0
PS122/2_19-4	2020-01-06T06:39:00	87.1009	115.1953	 5	 151	0.2776	1	34.6674	1	6.7206	3	...0.2739	1	0.2718	34.8330	27.8253	1	8.00	83.96	29.0932	1	0.3605	0	90.4679	0	0.0240	0	NaN	0	NaN	0	NaN	0
PS122/2_19-4	2020-01-06T06:39:00	87.1009	115.1953	 6	  91	-1.3189	1	34.3583	1	7.1180	3	...-1.3173	1	-1.3210	34.5225	27.6486	1	8.37	85.02	27.4863	1	0.3916	0	90.2190	0	0.0320	0	NaN	0	NaN	0	NaN	0
PS122/2_19-4	2020-01-06T06:39:00	87.1009	115.1953	 7	  76	-1.6258	1	34.2210	1	7.2556	3	...-1.6233	1	-1.6273	34.3847	27.5471	1	8.45	85.85	27.1247	1	0.3916	0	90.1785	0	0.0328	0	NaN	0	NaN	0	NaN	0
PS122/2_19-4	2020-01-06T06:39:00	87.1009	115.1953	 8	  50	-1.7148	1	33.1893	1	7.9850	3	...-1.7102	1	-1.7156	33.3487	26.7124	1	8.53	93.59	26.2978	1	0.4228	0	90.0640	0	0.0336	0	NaN	0	NaN	0	NaN	0
PS122/2_19-4	2020-01-06T06:39:00	87.1009	115.1953	 9	  40	-1.7351	1	31.9331	1	8.2372	3	...-1.7288	1	-1.7356	32.0861	25.6925	1	8.61	95.65	25.3704	1	0.4253	0	89.9356	0	0.0348	0	NaN	0	NaN	0	NaN	0
PS122/2_19-4	2020-01-06T06:39:00	87.1009	115.1953	10	  20	-1.7395	1	31.7071	1	8.2590	3	...-1.7327	1	-1.7397	31.8587	25.5088	1	8.63	95.74	25.1948	1	0.4235	0	90.0241	0	0.0348	0	NaN	0	NaN	0	NaN	0
PS122/2_19-4	2020-01-06T06:39:00	87.1009	115.1953	11	  10	-1.7386	1	31.6952	1	8.3062	3	...-1.7317	1	-1.7387	31.8470	25.4993	1	8.63	96.29	25.1824	1	0.4228	0	90.0368	0	0.0340	0	NaN	0	NaN	0	NaN	0
PS122/2_19-4	2020-01-06T06:39:00	87.1009	115.1953	12	   2	-1.7380	1	31.6763	1	8.2683	3	...-1.7310	1	-1.7380	31.8275	25.4836	1	8.63	95.84	25.1657	1	0.4235	0	90.0587	0	0.2539	0	NaN	0	NaN	0	NaN	0
PS122/2_19-18	2020-01-07T06:30:00	87.1230	114.8823	 1	 253	1.3202	1	34.8778	1	6.4944	1	...1.3080	1	1.3079	35.0445	27.9282	1	7.78	83.50	30.2021	1	0.3605	0	90.6026	0	0.0175	0	NaN	0	NaN	0	NaN	0
PS122/2_19-18	2020-01-07T06:30:00	87.1230	114.8823	 2	 202	1.1518	1	34.8409	1	6.4675	1	...1.1429	1	1.1424	35.0073	27.9101	1	7.81	82.77	30.0037	1	0.3605	0	90.5083	0	0.0198	0	NaN	0	NaN	0	NaN	0
PS122/2_19-18	2020-01-07T06:30:00	87.1230	114.8823	 3	 152	0.0190	1	34.6021	1	6.6984	1	...0.0160	1	0.0136	34.7674	27.7870	1	8.06	83.08	28.8231	1	0.3605	0	90.3528	0	0.0227	0	NaN	0	NaN	0	NaN	0
PS122/2_19-18	2020-01-07T06:30:00	87.1230	114.8823	 4	  91	-1.5194	1	34.2980	1	7.2414	1	...-1.5175	1	-1.5213	34.4619	27.6062	1	8.42	85.98	27.2756	1	0.3935	0	90.1173	0	0.0303	0	NaN	0	NaN	0	NaN	0
PS122/2_19-18	2020-01-07T06:30:00	87.1230	114.8823	 5	  76	-1.6184	1	34.1129	1	7.3733	1	...-1.6157	1	-1.6199	34.2761	27.4591	1	8.46	87.20	27.0531	1	0.3910	0	90.1194	0	0.0315	0	NaN	0	NaN	0	NaN	0
PS122/2_19-18	2020-01-07T06:30:00	87.1230	114.8823	 6	  50	-1.7154	1	33.0522	1	8.1269	1	...-1.7106	1	-1.7162	33.2109	26.6011	1	8.54	95.16	26.1985	1	0.4303	0	90.0161	0	0.0333	0	NaN	0	NaN	0	NaN	0
PS122/2_19-18	2020-01-07T06:30:00	87.1230	114.8823	 7	  40	-1.7385	1	32.0504	1	8.3520	1	...-1.7324	1	-1.7390	32.2040	25.7879	1	8.61	97.05	25.4527	1	0.4253	0	89.8707	0	0.0343	0	NaN	0	NaN	0	NaN	0
PS122/2_19-18	2020-01-07T06:30:00	87.1230	114.8823	 8	  20	-1.7408	1	31.7273	1	8.3935	1	...-1.7341	1	-1.7410	31.8790	25.5253	1	8.63	97.31	25.2084	1	0.4235	0	89.9016	0	0.0332	0	NaN	0	NaN	0	NaN	0
PS122/2_19-18	2020-01-07T06:30:00	87.1230	114.8823	 9	  10	-1.7411	1	31.7237	1	8.3995	1	...-1.7342	1	-1.7412	31.8756	25.5225	1	8.63	97.38	25.2011	1	0.4247	0	89.8792	0	0.0338	0	NaN	0	NaN	0	NaN	0
PS122/2_19-18	2020-01-07T06:30:00	87.1230	114.8823	10	   2	-1.7392	1	31.6987	1	8.3997	1	...-1.7322	1	-1.7392	31.8500	25.5018	1	8.63	97.37	25.1810	1	0.4241	0	89.8818	0	0.3599	0	NaN	0	NaN	0	NaN	0
PS122/2_19-89	2020-01-11T06:51:00	87.2120	111.3510	 1	 354	1.3238	1	34.9009	1	6.7284	1	...1.3062	1	1.3062	35.0678	27.9469	1	7.78	86.53	30.2697	1	0.3611	0	90.4647	0	0.0237	0	NaN	0	NaN	0	NaN	0
PS122/2_19-89	2020-01-11T06:51:00	87.2120	111.3510	 2	 324	1.1755	1	34.8663	1	6.6757	1	...1.1603	1	1.1600	35.0330	27.9294	1	7.81	85.50	30.0997	1	0.3462	0	90.3693	0	0.0191	0	NaN	0	NaN	0	NaN	0
PS122/2_19-89	2020-01-11T06:51:00	87.2120	111.3510	 3	 278	1.2535	1	34.8715	1	6.6967	1	...1.2403	1	1.2401	35.0382	27.9279	1	7.79	85.95	30.1508	1	0.3605	0	90.2798	0	0.0203	0	NaN	0	NaN	0	NaN	0
PS122/2_19-89	2020-01-11T06:51:00	87.2120	111.3510	 4	 227	1.1518	1	34.8373	1	6.6909	1	...1.1417	1	1.1412	35.0038	27.9073	1	7.81	85.63	30.0122	1	0.3611	0	90.2078	0	0.0209	0	NaN	0	NaN	0	NaN	0
PS122/2_19-89	2020-01-11T06:51:00	87.2120	111.3510	 5	 202	1.1716	1	34.8389	1	6.6987	1	...1.1626	1	1.1621	35.0053	27.9071	1	7.81	85.77	30.0194	1	0.3605	0	90.1892	0	0.0248	0	NaN	0	NaN	0	NaN	0
PS122/2_19-89	2020-01-11T06:51:00	87.2120	111.3510	 6	 172	0.8722	1	34.7700	1	6.7454	1	...0.8658	1	0.8647	34.9361	27.8717	1	7.87	85.66	29.6928	1	0.3605	0	90.1295	0	0.0208	0	NaN	0	NaN	0	NaN	0
PS122/2_19-89	2020-01-11T06:51:00	87.2120	111.3510	 7	 151	0.0883	1	34.6137	1	6.9223	1	...0.0852	1	0.0828	34.7790	27.7926	1	8.05	86.02	28.8908	1	0.3617	0	90.0310	0	0.0219	0	NaN	0	NaN	0	NaN	0
PS122/2_19-89	2020-01-11T06:51:00	87.2120	111.3510	 8	 101	-1.2164	1	34.3872	1	7.4143	1	...-1.2152	1	-1.2188	34.5514	27.6683	1	8.35	88.82	27.5976	1	0.3611	0	89.8690	0	0.0252	0	NaN	0	NaN	0	NaN	0
PS122/2_19-89	2020-01-11T06:51:00	87.2120	111.3510	 9	  76	-1.6291	1	34.1592	1	7.5559	1	...-1.6265	1	-1.6306	34.3226	27.4970	1	8.46	89.36	27.0777	1	0.3773	0	89.8232	0	0.0312	0	NaN	0	NaN	0	NaN	0
PS122/2_19-89	2020-01-11T06:51:00	87.2120	111.3510	10	  50	-1.7210	1	33.4070	1	8.1084	1	...-1.7167	1	-1.7218	33.5674	26.8893	1	8.52	95.16	26.4495	1	0.4228	0	89.8114	0	0.0311	0	NaN	0	NaN	0	NaN	0
PS122/2_19-89	2020-01-11T06:51:00	87.2120	111.3510	11	  35	-1.7352	1	31.6352	1	8.6544	1	...-1.7286	1	-1.7356	31.7868	25.4507	1	8.63	100.29	25.1527	1	0.4235	0	89.6426	0	0.0307	0	NaN	0	NaN	0	NaN	0
PS122/2_19-89	2020-01-11T06:51:00	87.2120	111.3510	12	   5	-1.7314	1	31.5475	1	8.6692	1	...-1.7243	1	-1.7314	31.6982	25.3790	1	8.63	100.41	25.0789	1	0.4235	0	89.6426	0	0.6921	0	NaN	0	NaN	0	NaN	0
PS122/2_20-2	2020-01-13T06:37:00	87.3197	107.5710	 1	 354	1.3359	1	34.9006	1	6.7843	1	...1.3183	1	1.3183	35.0675	27.9458	1	7.77	87.27	30.2797	1	0.3605	0	89.9831	0	0.0197	0	NaN	0	NaN	0	NaN	0
PS122/2_20-2	2020-01-13T06:37:00	87.3197	107.5710	 2	 324	1.1962	1	34.8698	1	6.7013	1	...1.1809	1	1.1806	35.0365	27.9308	1	7.80	85.88	30.1203	1	0.3611	0	89.9452	0	0.0190	0	NaN	0	NaN	0	NaN	0
PS122/2_20-2	2020-01-13T06:37:00	87.3197	107.5710	 3	 278	1.2983	1	34.8766	1	6.7401	1	...1.2849	1	1.2848	35.0433	27.9289	1	7.78	86.61	30.1937	1	0.3605	0	89.9245	0	0.0190	0	NaN	0	NaN	0	NaN	0
PS122/2_20-2	2020-01-13T06:37:00	87.3197	107.5710	 4	 201	1.1824	1	34.8417	1	6.7202	1	...1.1734	1	1.1730	35.0081	27.9086	1	7.81	86.07	30.0304	1	0.3605	0	89.8845	0	0.0212	0	NaN	0	NaN	0	NaN	0
PS122/2_20-2	2020-01-13T06:37:00	87.3197	107.5710	 5	 151	0.1362	1	34.6315	1	6.9347	1	...0.1329	1	0.1306	34.7969	27.8043	1	8.04	86.29	28.9452	1	0.3624	0	89.8093	0	0.0188	0	NaN	0	NaN	0	NaN	0
PS122/2_20-2	2020-01-13T06:37:00	87.3197	107.5710	 6	 101	-1.3408	1	34.3902	1	7.4807	1	...-1.3395	1	-1.3431	34.5544	27.6751	1	8.38	89.32	27.4956	1	0.3611	0	89.6282	0	0.0232	0	NaN	0	NaN	0	NaN	0
PS122/2_20-2	2020-01-13T06:37:00	87.3197	107.5710	 7	  75	-1.5943	1	34.1344	1	7.4780	1	...-1.5917	1	-1.5958	34.2977	27.4759	1	8.45	88.51	27.0882	1	0.3916	0	89.5467	0	0.0261	0	NaN	0	NaN	0	NaN	0
PS122/2_20-2	2020-01-13T06:37:00	87.3197	107.5710	 8	  50	-1.7113	1	33.2562	1	8.0655	1	...-1.7068	1	-1.7121	33.4159	26.7666	1	8.53	94.58	26.3487	1	0.4235	0	89.4535	0	0.0274	0	NaN	0	NaN	0	NaN	0
PS122/2_20-2	2020-01-13T06:37:00	87.3197	107.5710	 9	  35	-1.7274	1	31.6414	1	8.6085	1	...-1.7207	1	-1.7278	31.7931	25.4556	1	8.63	99.78	25.1631	1	0.4235	0	89.3032	0	0.0299	0	NaN	0	NaN	0	NaN	0
PS122/2_20-2	2020-01-13T06:37:00	87.3197	107.5710	10	  20	-1.7315	1	31.5619	1	8.7106	1	...-1.7246	1	-1.7317	31.7129	25.3908	1	8.63	100.90	25.0957	1	0.4253	0	89.3277	0	0.0286	0	NaN	0	NaN	0	NaN	0
PS122/2_20-2	2020-01-13T06:37:00	87.3197	107.5710	11	  10	-1.7320	1	31.5619	1	8.7135	1	...-1.7249	1	-1.7321	31.7130	25.3909	1	8.63	100.93	25.0910	1	0.4247	0	89.3447	0	0.0304	0	NaN	0	NaN	0	NaN	0
PS122/2_20-2	2020-01-13T06:37:00	87.3197	107.5710	12	   2	-1.7316	1	31.5619	1	8.7262	1	...-1.7244	1	-1.7316	31.7125	25.3905	1	8.63	101.08	25.0879	1	0.4241	0	89.3596	0	0.3189	0	NaN	0	NaN	0	NaN	0
PS122/2_20-17	2020-01-14T06:45:00	87.4007	105.2876	 1	 253	1.1388	1	34.8388	1	6.7006	1	...1.1274	1	1.1269	35.0053	27.9095	1	7.82	85.72	30.0140	1	0.3605	0	90.1950	0	0.0208	0	NaN	0	NaN	0	NaN	0
PS122/2_20-17	2020-01-14T06:45:00	87.4007	105.2876	 2	 202	1.2122	1	34.8450	1	6.7289	1	...1.2031	1	1.2027	35.0114	27.9092	1	7.80	86.25	30.0594	1	0.3505	0	90.0933	0	0.0215	0	NaN	0	NaN	0	NaN	0
PS122/2_20-17	2020-01-14T06:45:00	87.4007	105.2876	 3	 177	1.0053	1	34.8041	1	6.7872	1	...0.9981	1	0.9973	34.9703	27.8903	1	7.85	86.51	29.8366	1	0.3605	0	90.0305	0	0.0217	0	NaN	0	NaN	0	NaN	0
PS122/2_20-17	2020-01-14T06:45:00	87.4007	105.2876	 4	 152	0.1185	1	34.6165	1	6.9491	1	...0.1153	1	0.1129	34.7818	27.7932	1	8.04	86.42	28.9188	1	0.3611	0	89.9319	0	0.0205	0	NaN	0	NaN	0	NaN	0
PS122/2_20-17	2020-01-14T06:45:00	87.4007	105.2876	 5	 111	-1.0165	1	34.4257	1	7.3931	1	...-1.0159	1	-1.0194	34.5901	27.6920	1	8.30	89.07	27.7977	1	0.3605	0	89.7752	0	0.0242	0	NaN	0	NaN	0	NaN	0
PS122/2_20-17	2020-01-14T06:45:00	87.4007	105.2876	 6	  76	-1.6333	1	34.1378	1	7.6451	1	...-1.6307	1	-1.6347	34.3011	27.4798	1	8.46	90.39	27.0587	1	0.3954	0	89.6980	0	0.0280	0	NaN	0	NaN	0	NaN	0
PS122/2_20-17	2020-01-14T06:45:00	87.4007	105.2876	 7	  51	-1.6637	1	33.2784	1	7.7018	1	...-1.6592	1	-1.6645	33.4382	26.7834	1	8.52	90.45	26.4033	1	0.4247	0	89.6580	0	0.0288	0	NaN	0	NaN	0	NaN	0
PS122/2_20-17	2020-01-14T06:45:00	87.4007	105.2876	 8	  40	-1.7295	1	31.5354	1	8.7312	1	...-1.7228	1	-1.7300	31.6865	25.3695	1	8.63	101.13	25.0870	1	0.4284	0	89.4892	0	0.0279	0	NaN	0	NaN	0	NaN	0
PS122/2_20-17	2020-01-14T06:45:00	87.4007	105.2876	 9	  30	-1.7296	1	31.5295	1	8.7476	1	...-1.7228	1	-1.7299	31.6807	25.3648	1	8.63	101.31	25.0782	1	0.4241	0	89.4871	0	0.0311	0	NaN	0	NaN	0	NaN	0
PS122/2_20-17	2020-01-14T06:45:00	87.4007	105.2876	10	  20	-1.7291	1	31.5284	1	8.7538	1	...-1.7221	1	-1.7293	31.6792	25.3636	1	8.63	101.38	25.0735	1	0.4247	0	89.4924	0	0.0308	0	NaN	0	NaN	0	NaN	0
PS122/2_20-17	2020-01-14T06:45:00	87.4007	105.2876	11	  10	-1.7293	1	31.5269	1	8.7462	1	...-1.7222	1	-1.7294	31.6778	25.3625	1	8.63	101.29	25.0678	1	0.4328	0	89.4913	0	0.0289	0	NaN	0	NaN	0	NaN	0
PS122/2_20-17	2020-01-14T06:45:00	87.4007	105.2876	12	   2	-1.7294	1	31.5276	1	8.7586	1	...-1.7222	1	-1.7294	31.6780	25.3626	1	8.63	101.44	25.0647	1	0.4291	0	89.4812	0	0.2534	0	NaN	0	NaN	0	NaN	0
PS122/2_20-109	2020-01-18T06:39:00	87.4119	98.2295	 1	 354	1.3170	1	34.9511	1	6.6425	1	...1.2991	1	1.2994	35.1183	27.9877	1	7.77	85.44	30.3030	1	0.3487	0	90.0310	0	0.0206	0	NaN	0	NaN	0	NaN	0
PS122/2_20-109	2020-01-18T06:39:00	87.4119	98.2295	 2	 324	1.1896	1	34.9229	1	6.6074	1	...1.1740	1	1.1740	35.0899	27.9739	1	7.80	84.69	30.1561	1	0.3605	0	89.9575	0	0.0225	0	NaN	0	NaN	0	NaN	0
PS122/2_20-109	2020-01-18T06:39:00	87.4119	98.2295	 3	 278	1.2343	1	34.9212	1	6.5902	1	...1.2208	1	1.2209	35.0881	27.9692	1	7.79	84.57	30.1728	1	0.3611	0	89.9063	0	0.0190	0	NaN	0	NaN	0	NaN	0
PS122/2_20-109	2020-01-18T06:39:00	87.4119	98.2295	 4	 228	1.1207	1	34.8854	1	6.5803	1	...1.1103	1	1.1101	35.0521	27.9481	1	7.82	84.17	30.0231	1	0.3611	0	89.8434	0	0.0248	0	NaN	0	NaN	0	NaN	0
PS122/2_20-109	2020-01-18T06:39:00	87.4119	98.2295	 5	 202	1.2034	1	34.8921	1	6.6197	1	...1.1940	1	1.1939	35.0588	27.9477	1	7.80	84.86	30.0885	1	0.3624	0	89.8077	0	0.0200	0	NaN	0	NaN	0	NaN	0
PS122/2_20-109	2020-01-18T06:39:00	87.4119	98.2295	 6	 172	0.7826	1	34.8043	1	6.6335	1	...0.7762	1	0.7752	34.9705	27.9051	1	7.89	84.06	29.6418	1	0.3605	0	89.7619	0	0.0206	0	NaN	0	NaN	0	NaN	0
PS122/2_20-109	2020-01-18T06:39:00	87.4119	98.2295	 7	 152	0.2253	1	34.6828	1	6.8305	1	...0.2216	1	0.2196	34.8485	27.8407	1	8.01	85.23	29.0604	1	0.3605	0	89.6916	0	0.0269	0	NaN	0	NaN	0	NaN	0
PS122/2_20-109	2020-01-18T06:39:00	87.4119	98.2295	 8	 101	-0.9306	1	34.4668	1	7.1297	1	...-0.9300	1	-0.9333	34.6314	27.7220	1	8.28	86.12	27.8954	1	0.3736	0	89.5909	0	0.0259	0	NaN	0	NaN	0	NaN	0
PS122/2_20-109	2020-01-18T06:39:00	87.4119	98.2295	 9	  76	-1.5964	1	34.2773	1	7.4493	1	...-1.5941	1	-1.5979	34.4413	27.5920	1	8.44	88.25	27.1898	1	0.3792	0	89.5222	0	0.0301	0	NaN	0	NaN	0	NaN	0
PS122/2_20-109	2020-01-18T06:39:00	87.4119	98.2295	10	  50	-1.6547	1	33.6145	1	7.5285	1	...-1.6507	1	-1.6556	33.7760	27.0561	1	8.49	88.64	26.6528	1	0.4091	0	89.4380	0	0.0273	0	NaN	0	NaN	0	NaN	0
PS122/2_20-109	2020-01-18T06:39:00	87.4119	98.2295	11	  35	-1.7378	1	31.7474	1	8.5986	1	...-1.7313	1	-1.7382	31.8996	25.5419	1	8.62	99.71	25.2320	1	0.4228	0	89.2909	0	0.0307	0	NaN	0	NaN	0	NaN	0
PS122/2_20-109	2020-01-18T06:39:00	87.4119	98.2295	12	   5	-1.7384	1	31.7257	1	8.5952	1	...-1.7315	1	-1.7384	31.8773	25.5238	1	8.62	99.66	25.2025	1	0.4241	0	89.3000	0	0.0478	0	NaN	0	NaN	0	NaN	0
PS122/2_21-1	2020-01-20T06:40:00	87.4406	97.5456	 1	 303	1.1849	1	34.9175	1	6.5162	1	...1.1704	1	1.1703	35.0844	27.9698	1	7.80	83.51	30.1385	1	0.3611	0	90.0001	0	0.0212	0	NaN	0	NaN	0	NaN	0
PS122/2_21-1	2020-01-20T06:40:00	87.4406	97.5456	 2	 253	1.2946	1	34.9244	1	6.5357	1	...1.2822	1	1.2823	35.0913	27.9674	1	7.78	84.00	30.2163	1	0.3462	0	89.9085	0	0.0232	0	NaN	0	NaN	0	NaN	0
PS122/2_21-1	2020-01-20T06:40:00	87.4406	97.5456	 3	 202	1.1366	1	34.8869	1	6.4983	1	...1.1274	1	1.1272	35.0536	27.9481	1	7.81	83.16	30.0264	1	0.3611	0	89.8429	0	0.0231	0	NaN	0	NaN	0	NaN	0
PS122/2_21-1	2020-01-20T06:40:00	87.4406	97.5456	 4	 177	1.0308	1	34.8610	1	6.5599	1	...1.0232	1	1.0228	35.0275	27.9344	1	7.84	83.70	29.9028	1	0.3487	0	89.7800	0	0.0254	0	NaN	0	NaN	0	NaN	0
PS122/2_21-1	2020-01-20T06:40:00	87.4406	97.5456	 5	 101	-1.2128	1	34.4342	1	7.2074	1	...-1.2117	1	-1.2152	34.5987	27.7063	1	8.34	86.38	27.6348	1	0.3617	0	89.5361	0	0.0248	0	NaN	0	NaN	0	NaN	0
PS122/2_21-1	2020-01-20T06:40:00	87.4406	97.5456	 6	  76	-1.5041	1	34.2225	1	7.1165	1	...-1.5017	1	-1.5056	34.3863	27.5447	1	8.42	84.49	27.2268	1	0.3929	0	89.5451	0	0.0259	0	NaN	0	NaN	0	NaN	0
PS122/2_21-1	2020-01-20T06:40:00	87.4406	97.5456	 7	  50	-1.7379	1	33.6072	1	7.9036	1	...-1.7339	1	-1.7387	33.7686	27.0524	1	8.51	92.84	26.5797	1	0.4228	0	89.4652	0	0.0302	0	NaN	0	NaN	0	NaN	0
PS122/2_21-1	2020-01-20T06:40:00	87.4406	97.5456	 8	  50	-1.7381	1	33.6083	1	7.9373	1	...-1.7341	1	-1.7389	33.7697	27.0533	1	8.51	93.24	26.5804	1	0.4235	0	89.4668	0	0.0315	0	NaN	0	NaN	0	NaN	0
PS122/2_21-1	2020-01-20T06:40:00	87.4406	97.5456	 9	  20	-1.7373	1	31.7120	1	8.4634	1	...-1.7305	1	-1.7375	31.8638	25.5129	1	8.63	98.12	25.1999	1	0.4260	0	88.5823	0	0.0312	0	NaN	0	NaN	0	NaN	0
PS122/2_21-1	2020-01-20T06:40:00	87.4406	97.5456	10	  20	-1.7378	1	31.7119	1	8.4435	1	...-1.7310	1	-1.7380	31.8637	25.5128	1	8.63	97.89	25.1995	1	0.4247	0	89.2840	0	0.0319	0	NaN	0	NaN	0	NaN	0
PS122/2_21-1	2020-01-20T06:40:00	87.4406	97.5456	11	   2	-1.7382	1	31.7125	1	8.4881	1	...-1.7312	1	-1.7382	31.8638	25.5130	1	8.63	98.41	25.1918	1	0.4247	0	89.2723	0	0.3220	0	NaN	0	NaN	0	NaN	0
PS122/2_21-1	2020-01-20T06:40:00	87.4406	97.5456	12	   2	-1.7380	1	31.7128	1	8.4971	1	...-1.7310	1	-1.7380	31.8641	25.5132	1	8.63	98.51	25.1922	1	0.4266	0	89.2638	0	0.3335	0	NaN	0	NaN	0	NaN	0
PS122/2_21-26	2020-01-21T06:42:00	87.4869	96.3482	 1	 253	1.1264	1	34.8378	1	6.6892	1	...1.1151	1	1.1145	35.0043	27.9096	1	7.82	85.55	30.0025	1	0.3605	0	89.7885	0	0.0196	0	NaN	0	NaN	0	NaN	0
PS122/2_21-26	2020-01-21T06:42:00	87.4869	96.3482	 2	 202	1.1548	1	34.8403	1	6.7046	1	...1.1458	1	1.1454	35.0067	27.9094	1	7.81	85.81	30.0059	1	0.3636	0	89.6799	0	0.0198	0	NaN	0	NaN	0	NaN	0
PS122/2_21-26	2020-01-21T06:42:00	87.4869	96.3482	 3	 177	1.0441	1	34.8134	1	6.7911	1	...1.0368	1	1.0361	34.9796	27.8952	1	7.84	86.65	29.8774	1	0.3605	0	89.5978	0	0.0213	0	NaN	0	NaN	0	NaN	0
PS122/2_21-26	2020-01-21T06:42:00	87.4869	96.3482	 4	 152	0.1824	1	34.6328	1	6.9047	1	...0.1790	1	0.1767	34.7982	27.8028	1	8.03	86.03	28.9857	1	0.3624	0	89.5424	0	0.0185	0	NaN	0	NaN	0	NaN	0
PS122/2_21-26	2020-01-21T06:42:00	87.4869	96.3482	 5	 111	-0.9646	1	34.4266	1	7.3469	1	...-0.9641	1	-0.9675	34.5910	27.6907	1	8.29	88.64	27.8419	1	0.3611	0	89.3767	0	0.0234	0	NaN	0	NaN	0	NaN	0
PS122/2_21-26	2020-01-21T06:42:00	87.4869	96.3482	 6	  76	-1.6088	1	34.1749	1	7.5218	1	...-1.6063	1	-1.6103	34.3384	27.5092	1	8.45	89.02	27.1057	1	0.3935	0	89.3319	0	0.0223	0	NaN	0	NaN	0	NaN	0
PS122/2_21-26	2020-01-21T06:42:00	87.4869	96.3482	 7	  51	-1.7153	1	33.3505	1	8.1416	1	...-1.7109	1	-1.7161	33.5107	26.8433	1	8.52	95.53	26.4135	1	0.4247	0	89.2457	0	0.0268	0	NaN	0	NaN	0	NaN	0
PS122/2_21-26	2020-01-21T06:42:00	87.4869	96.3482	 8	  40	-1.6844	1	32.5442	1	8.2315	1	...-1.6787	1	-1.6850	32.7002	26.1877	1	8.56	96.12	25.8522	1	0.4527	0	89.1833	0	0.0272	0	NaN	0	NaN	0	NaN	0
PS122/2_21-26	2020-01-21T06:42:00	87.4869	96.3482	 9	  30	-1.7410	1	31.7726	1	8.7076	1	...-1.7344	1	-1.7414	31.9249	25.5624	1	8.62	100.99	25.2454	1	0.4260	0	89.1333	0	0.0266	0	NaN	0	NaN	0	NaN	0
PS122/2_21-26	2020-01-21T06:42:00	87.4869	96.3482	10	  10	-1.7402	1	31.7141	1	8.7433	1	...-1.7333	1	-1.7403	31.8659	25.5146	1	8.63	101.36	25.1949	1	0.4266	0	89.1290	0	0.0475	0	NaN	0	NaN	0	NaN	0
PS122/2_21-26	2020-01-21T06:42:00	87.4869	96.3482	11	   2	-1.7399	1	31.7089	1	8.7418	1	...-1.7329	1	-1.7399	31.8602	25.5100	1	8.63	101.34	25.1879	1	0.4228	0	89.0811	0	0.2911	0	NaN	0	NaN	0	NaN	0
PS122/2_21-101	2020-01-24T06:31:00	87.4238	93.1288	 1	 354	1.2752	1	34.9011	1	6.7338	1	...1.2578	1	1.2578	35.0680	27.9505	1	7.79	86.49	30.2274	1	0.3611	0	89.6708	0	0.0191	0	NaN	0	NaN	0	NaN	0
PS122/2_21-101	2020-01-24T06:31:00	87.4238	93.1288	 2	 303	1.1687	1	34.8692	1	6.6813	1	...1.1545	1	1.1542	35.0359	27.9321	1	7.81	85.56	30.0867	1	0.3375	0	89.6234	0	0.0197	0	NaN	0	NaN	0	NaN	0
PS122/2_21-101	2020-01-24T06:31:00	87.4238	93.1288	 3	 253	1.0654	1	34.8343	1	6.6529	1	...1.0543	1	1.0537	35.0007	27.9109	1	7.83	84.95	29.9468	1	0.3617	0	89.5941	0	0.0175	0	NaN	0	NaN	0	NaN	0
PS122/2_21-101	2020-01-24T06:31:00	87.4238	93.1288	 4	 202	1.1187	1	34.8377	1	6.6858	1	...1.1099	1	1.1093	35.0041	27.9098	1	7.82	85.49	29.9724	1	0.3624	0	89.5659	0	0.0212	0	NaN	0	NaN	0	NaN	0
PS122/2_21-101	2020-01-24T06:31:00	87.4238	93.1288	 5	 152	-0.0029	1	34.5957	1	6.9121	1	...-0.0058	1	-0.0083	34.7609	27.7830	1	8.07	85.67	28.7996	1	0.3605	0	89.4849	0	0.0237	0	NaN	0	NaN	0	NaN	0
PS122/2_21-101	2020-01-24T06:31:00	87.4238	93.1288	 6	 101	-1.2111	1	34.3671	1	7.2859	1	...-1.2099	1	-1.2135	34.5312	27.6518	1	8.35	87.28	27.5873	1	0.3779	0	89.3410	0	0.0307	0	NaN	0	NaN	0	NaN	0
PS122/2_21-101	2020-01-24T06:31:00	87.4238	93.1288	 7	  76	-1.6080	1	34.0579	1	7.5034	1	...-1.6052	1	-1.6094	34.2209	27.4142	1	8.46	88.73	27.0220	1	0.3941	0	89.2345	0	0.0313	0	NaN	0	NaN	0	NaN	0
PS122/2_21-101	2020-01-24T06:31:00	87.4238	93.1288	 8	  51	-1.7237	1	33.3531	1	8.1796	1	...-1.7193	1	-1.7245	33.5132	26.8456	1	8.52	95.95	26.4086	1	0.4241	0	89.1668	0	0.0308	0	NaN	0	NaN	0	NaN	0
PS122/2_21-101	2020-01-24T06:31:00	87.4238	93.1288	 9	  41	-1.7048	1	32.3957	1	8.4135	1	...-1.6990	1	-1.7054	32.5510	26.0676	1	8.58	98.09	25.7288	1	0.4428	0	89.1130	0	0.0310	0	NaN	0	NaN	0	NaN	0
PS122/2_21-101	2020-01-24T06:31:00	87.4238	93.1288	10	  30	-1.7474	1	31.8659	1	8.7220	1	...-1.7410	1	-1.7478	32.0186	25.6382	1	8.62	101.20	25.3080	1	0.4241	0	89.0773	0	0.0334	0	NaN	0	NaN	0	NaN	0
PS122/2_21-101	2020-01-24T06:31:00	87.4238	93.1288	11	  10	-1.7464	1	31.8114	1	8.7287	1	...-1.7396	1	-1.7465	31.9635	25.5937	1	8.62	101.24	25.2603	1	0.4260	0	89.0608	0	0.0359	0	NaN	0	NaN	0	NaN	0
PS122/2_21-101	2020-01-24T06:31:00	87.4238	93.1288	12	   2	-1.7403	1	31.8006	1	8.7447	1	...-1.7334	1	-1.7403	31.9523	25.5845	1	8.62	101.44	25.2539	1	0.4278	0	88.9702	0	0.3649	0	NaN	0	NaN	0	NaN	0
PS122/2_21-114	2020-01-25T11:56:00	87.4032	92.7674	 1	 354	1.2853	1	34.9492	1	5.1522	3	...1.2676	1	1.2678	35.1163	27.9884	1	7.78	66.21	30.2736	1	0.3474	0	89.5286	0	0.0237	0	NaN	0	NaN	0	NaN	0
PS122/2_21-114	2020-01-25T11:56:00	87.4032	92.7674	 2	 303	1.1894	1	34.9182	1	5.1176	3	...1.1748	1	1.1748	35.0851	27.9700	1	7.80	65.59	30.1428	1	0.3605	0	89.4855	0	0.0220	0	NaN	0	NaN	0	NaN	0
PS122/2_21-114	2020-01-25T11:56:00	87.4032	92.7674	 3	 253	1.0812	1	34.8850	1	5.1087	3	...1.0697	1	1.0694	35.0517	27.9505	1	7.83	65.28	29.9999	1	0.3599	0	89.4444	0	0.0253	0	NaN	0	NaN	0	NaN	0
PS122/2_21-114	2020-01-25T11:56:00	87.4032	92.7674	 4	 202	1.0826	1	34.8821	1	5.1108	3	...1.0736	1	1.0733	35.0487	27.9479	1	7.83	65.31	29.9755	1	0.3605	0	89.4209	0	0.0219	0	NaN	0	NaN	0	NaN	0
PS122/2_21-114	2020-01-25T11:56:00	87.4032	92.7674	 5	 151	0.0270	1	34.6500	1	5.2979	3	...0.0238	1	0.0215	34.8154	27.8251	1	8.06	65.74	28.8659	1	0.3611	0	89.3383	0	0.0250	0	NaN	0	NaN	0	NaN	0
PS122/2_21-114	2020-01-25T11:56:00	87.4032	92.7674	 6	 101	-1.2874	1	34.4121	1	5.6615	3	...-1.2862	1	-1.2897	34.5764	27.6910	1	8.36	67.70	27.5563	1	0.3761	0	89.1514	0	0.0298	0	NaN	0	NaN	0	NaN	0
PS122/2_21-114	2020-01-25T11:56:00	87.4032	92.7674	 7	  75	-1.6171	1	34.1130	1	5.7599	3	...-1.6144	1	-1.6185	34.2762	27.4592	1	8.46	68.12	27.0540	1	0.3997	0	89.1120	0	0.0316	0	NaN	0	NaN	0	NaN	0
PS122/2_21-114	2020-01-25T11:56:00	87.4032	92.7674	 8	  50	-1.7290	1	33.3062	1	6.3265	3	...-1.7246	1	-1.7298	33.4661	26.8076	1	8.53	74.18	26.3705	1	0.4228	0	89.0069	0	0.0325	0	NaN	0	NaN	0	NaN	0
PS122/2_21-114	2020-01-25T11:56:00	87.4032	92.7674	 9	  40	-1.7388	1	32.4016	1	6.5690	3	...-1.7331	1	-1.7394	32.5569	26.0731	1	8.58	76.52	25.7060	1	0.4222	0	88.9473	0	0.0334	0	NaN	0	NaN	0	NaN	0
PS122/2_21-114	2020-01-25T11:56:00	87.4032	92.7674	10	  30	-1.7506	1	31.9359	1	6.6668	3	...-1.7442	1	-1.7510	32.0889	25.6951	1	8.62	77.39	25.3561	1	0.4284	0	88.9345	0	0.0353	0	NaN	0	NaN	0	NaN	0
PS122/2_21-114	2020-01-25T11:56:00	87.4032	92.7674	11	  10	-1.7437	1	31.8841	1	6.7409	3	...-1.7370	1	-1.7438	32.0366	25.6527	1	8.62	78.23	25.3151	1	0.4272	0	88.9318	0	0.0346	0	NaN	0	NaN	0	NaN	0
PS122/2_21-114	2020-01-25T11:56:00	87.4032	92.7674	12	   2	-1.7483	1	31.8784	1	6.7099	3	...-1.7415	1	-1.7483	32.0304	25.6478	1	8.62	77.86	25.3039	1	0.4241	0	88.9473	0	0.3003	0	NaN	0	NaN	0	NaN	0
PS122/2_21-128	2020-01-26T10:44:00	87.4179	93.8199	 1	 101	-1.2795	1	34.3621	1	7.3639	1	...-1.2782	1	-1.2818	34.5262	27.6502	1	8.36	88.05	27.5266	1	0.3810	0	89.2813	0	0.0282	0	NaN	0	NaN	0	NaN	0
PS122/2_21-128	2020-01-26T10:44:00	87.4179	93.8199	 2	  76	-1.5971	1	34.0935	1	7.4356	1	...-1.5944	1	-1.5986	34.2566	27.4428	1	8.45	87.98	27.0567	1	0.3922	0	89.2824	0	0.0287	0	NaN	0	NaN	0	NaN	0
PS122/2_21-128	2020-01-26T10:44:00	87.4179	93.8199	 3	  50	-1.7215	1	33.3157	1	8.1589	1	...-1.7171	1	-1.7223	33.4756	26.8152	1	8.53	95.69	26.3834	1	0.4235	0	89.0581	0	0.0335	0	NaN	0	NaN	0	NaN	0
PS122/2_21-128	2020-01-26T10:44:00	87.4179	93.8199	 4	  40	-1.6833	1	32.6471	1	8.1760	1	...-1.6777	1	-1.6839	32.8036	26.2712	1	8.56	95.55	25.9274	1	0.4272	0	89.0789	0	0.0289	0	NaN	0	NaN	0	NaN	0
PS122/2_21-128	2020-01-26T10:44:00	87.4179	93.8199	 5	  30	-1.7401	1	31.7477	1	8.6996	1	...-1.7335	1	-1.7405	31.8998	25.5421	1	8.62	100.88	25.2282	1	0.4247	0	89.0107	0	0.0282	0	NaN	0	NaN	0	NaN	0
PS122/2_21-128	2020-01-26T10:44:00	87.4179	93.8199	 6	  10	-1.7419	1	31.7426	1	8.7107	1	...-1.7351	1	-1.7420	31.8944	25.5378	1	8.62	101.00	25.2142	1	0.4309	0	88.9947	0	0.0309	0	NaN	0	NaN	0	NaN	0
PS122/2_21-128	2020-01-26T10:44:00	87.4179	93.8199	 7	   2	-1.7422	1	31.7445	1	8.7194	1	...-1.7352	1	-1.7422	31.8959	25.5390	1	8.62	101.10	25.2118	1	0.4222	0	88.9771	0	0.3275	0	NaN	0	NaN	0	NaN	0
PS122/2_22-3	2020-01-27T06:39:00	87.4456	95.5456	 1	 354	1.3123	1	34.9032	1	6.7364	1	...1.2948	1	1.2948	35.0701	27.9496	1	7.78	86.61	30.2613	1	0.3617	0	89.3431	0	0.0215	0	NaN	0	NaN	0	NaN	0
PS122/2_22-3	2020-01-27T06:39:00	87.4456	95.5456	 2	 324	1.2154	1	34.8795	1	6.7083	1	...1.2000	1	1.1997	35.0462	27.9372	1	7.80	86.02	30.1446	1	0.3617	0	89.2760	0	0.0177	0	NaN	0	NaN	0	NaN	0
PS122/2_22-3	2020-01-27T06:39:00	87.4456	95.5456	 3	 278	1.2217	1	34.8731	1	6.4254	3	...1.2086	1	1.2084	35.0398	27.9314	1	7.80	82.40	30.1241	1	0.3605	0	89.2441	0	0.0179	0	NaN	0	NaN	0	NaN	0
PS122/2_22-3	2020-01-27T06:39:00	87.4456	95.5456	 4	 227	1.1278	1	34.8394	1	6.3602	3	...1.1177	1	1.1172	35.0058	27.9106	1	7.82	81.34	29.9933	1	0.3605	0	89.2073	0	0.0179	0	NaN	0	NaN	0	NaN	0
PS122/2_22-3	2020-01-27T06:39:00	87.4456	95.5456	 5	 202	1.1436	1	34.8403	1	6.3785	3	...1.1347	1	1.1342	35.0067	27.9101	1	7.82	81.61	29.9960	1	0.3611	0	89.1967	0	0.0185	0	NaN	0	NaN	0	NaN	0
PS122/2_22-3	2020-01-27T06:39:00	87.4456	95.5456	 6	 151	0.0256	1	34.6021	1	6.6807	3	...0.0226	1	0.0202	34.7673	27.7866	1	8.06	82.87	28.8285	1	0.3605	0	89.0725	0	0.0238	0	NaN	0	NaN	0	NaN	0
PS122/2_22-3	2020-01-27T06:39:00	87.4456	95.5456	 7	 101	-1.2797	1	34.3668	1	7.1480	3	...-1.2784	1	-1.2820	34.5309	27.6540	1	8.36	85.47	27.5298	1	0.3754	0	88.9196	0	0.0269	0	NaN	0	NaN	0	NaN	0
PS122/2_22-3	2020-01-27T06:39:00	87.4456	95.5456	 8	  75	-1.6241	1	34.1148	1	7.3001	3	...-1.6214	1	-1.6255	34.2780	27.4609	1	8.46	86.32	27.0496	1	0.3916	0	88.8903	0	0.0298	0	NaN	0	NaN	0	NaN	0
PS122/2_22-3	2020-01-27T06:39:00	87.4456	95.5456	 9	  50	-1.7252	1	33.3443	1	7.8817	3	...-1.7208	1	-1.7260	33.5044	26.8385	1	8.53	92.45	26.4009	1	0.4266	0	88.8349	0	0.0273	0	NaN	0	NaN	0	NaN	0
PS122/2_22-3	2020-01-27T06:39:00	87.4456	95.5456	10	  40	-1.6825	1	32.7314	1	7.8610	3	...-1.6770	1	-1.6831	32.8883	26.3396	1	8.55	91.92	25.9889	1	0.4428	0	88.7901	0	0.0321	0	NaN	0	NaN	0	NaN	0
PS122/2_22-3	2020-01-27T06:39:00	87.4456	95.5456	11	  30	-1.7394	1	31.7287	1	8.4437	3	...-1.7328	1	-1.7398	31.8808	25.5267	1	8.62	97.90	25.2148	1	0.4235	0	88.7198	0	0.0302	0	NaN	0	NaN	0	NaN	0
PS122/2_22-3	2020-01-27T06:39:00	87.4456	95.5456	12	   5	-1.7408	1	31.7281	1	8.4252	3	...-1.7339	1	-1.7408	31.8796	25.5258	1	8.63	97.68	25.2023	1	0.4253	0	88.7081	0	0.0523	0	NaN	0	NaN	0	NaN	0
PS122/2_22-18	2020-01-28T06:45:00	87.4531	95.7564	 1	 253	1.1198	1	34.8378	1	6.6689	1	...1.1085	1	1.1080	35.0043	27.9100	1	7.82	85.27	29.9968	1	0.3605	0	89.3304	0	0.0238	0	NaN	0	NaN	0	NaN	0
PS122/2_22-18	2020-01-28T06:45:00	87.4531	95.7564	 2	 202	1.1389	1	34.8393	1	6.6832	1	...1.1300	1	1.1295	35.0057	27.9097	1	7.82	85.50	29.9914	1	0.3605	0	89.2201	0	0.0184	0	NaN	0	NaN	0	NaN	0
PS122/2_22-18	2020-01-28T06:45:00	87.4531	95.7564	 3	 177	0.7795	1	34.7496	1	6.7363	1	...0.7732	1	0.7719	34.9155	27.8612	1	7.89	85.32	29.5993	1	0.3605	0	89.1162	0	0.0235	0	NaN	0	NaN	0	NaN	0
PS122/2_22-18	2020-01-28T06:45:00	87.4531	95.7564	 4	 151	0.0556	1	34.6098	1	6.9299	1	...0.0525	1	0.0501	34.7751	27.7912	1	8.05	86.04	28.8600	1	0.3617	0	89.0459	0	0.0214	0	NaN	0	NaN	0	NaN	0
PS122/2_22-18	2020-01-28T06:45:00	87.4531	95.7564	 5	 111	-1.0221	1	34.4204	1	7.3108	1	...-1.0215	1	-1.0250	34.5848	27.6880	1	8.30	88.07	27.7892	1	0.3605	0	88.8876	0	0.0257	0	NaN	0	NaN	0	NaN	0
PS122/2_22-18	2020-01-28T06:45:00	87.4531	95.7564	 6	  76	-1.5900	1	34.1493	1	7.4790	1	...-1.5874	1	-1.5915	34.3127	27.4879	1	8.45	88.54	27.1028	1	0.3935	0	88.8189	0	0.0254	0	NaN	0	NaN	0	NaN	0
PS122/2_22-18	2020-01-28T06:45:00	87.4531	95.7564	 7	  51	-1.7219	1	33.4087	1	8.0562	1	...-1.7176	1	-1.7227	33.5691	26.8907	1	8.52	94.54	26.4501	1	0.4253	0	88.7342	0	0.0289	0	NaN	0	NaN	0	NaN	0
PS122/2_22-18	2020-01-28T06:45:00	87.4531	95.7564	 8	  40	-1.6806	1	32.7493	1	8.1114	1	...-1.6752	1	-1.6812	32.9063	26.3541	1	8.55	94.87	26.0034	1	0.4241	0	88.6841	0	0.0329	0	NaN	0	NaN	0	NaN	0
PS122/2_22-18	2020-01-28T06:45:00	87.4531	95.7564	 9	  30	-1.7396	1	31.7131	1	8.6824	1	...-1.7330	1	-1.7400	31.8651	25.5140	1	8.63	100.66	25.2035	1	0.4247	0	88.6106	0	0.0278	0	NaN	0	NaN	0	NaN	0
PS122/2_22-18	2020-01-28T06:45:00	87.4531	95.7564	10	  20	-1.7398	1	31.7110	1	8.7063	1	...-1.7330	1	-1.7400	31.8627	25.5121	1	8.63	100.93	25.1973	1	0.4291	0	88.6260	0	0.0313	0	NaN	0	NaN	0	NaN	0
PS122/2_22-18	2020-01-28T06:45:00	87.4531	95.7564	11	  10	-1.7398	1	31.7106	1	8.7070	1	...-1.7329	1	-1.7399	31.8623	25.5118	1	8.63	100.94	25.1927	1	0.4322	0	88.6276	0	0.0319	0	NaN	0	NaN	0	NaN	0
PS122/2_22-18	2020-01-28T06:45:00	87.4531	95.7564	12	   2	-1.7399	1	31.7112	1	8.7086	1	...-1.7329	1	-1.7399	31.8625	25.5119	1	8.63	100.96	25.1895	1	0.4266	0	88.6271	0	0.2788	0	NaN	0	NaN	0	NaN	0
PS122/2_22-49	2020-01-30T06:51:00	87.4780	96.2109	 1	 188	1.0499	1	34.8136	1	6.7995	1	...1.0421	1	1.0413	34.9798	27.8950	1	7.84	86.77	29.8877	1	0.3617	0	89.2089	0	0.0179	0	NaN	0	NaN	0	NaN	0
PS122/2_22-71	2020-01-31T06:39:00	87.4389	96.4148	 1	 354	1.3323	1	34.9044	1	6.7803	1	...1.3147	1	1.3147	35.0713	27.9491	1	7.77	87.22	30.2796	1	0.3568	0	89.0112	0	0.0261	0	NaN	0	NaN	0	NaN	0
PS122/2_22-71	2020-01-31T06:39:00	87.4389	96.4148	 2	 324	1.2027	1	34.8714	1	6.7061	1	...1.1874	1	1.1871	35.0381	27.9316	1	7.80	85.95	30.1273	1	0.3617	0	88.9675	0	0.0224	0	NaN	0	NaN	0	NaN	0
PS122/2_22-71	2020-01-31T06:39:00	87.4389	96.4148	 3	 278	1.3015	1	34.8782	1	6.7379	1	...1.2881	1	1.2880	35.0449	27.9299	1	7.78	86.59	30.1977	1	0.3549	0	88.8940	0	0.0243	0	NaN	0	NaN	0	NaN	0
PS122/2_22-71	2020-01-31T06:39:00	87.4389	96.4148	 4	 202	1.1419	1	34.8395	1	6.7074	1	...1.1330	1	1.1325	35.0059	27.9096	1	7.82	85.82	29.9940	1	0.3611	0	88.8866	0	0.0283	0	NaN	0	NaN	0	NaN	0
PS122/2_22-71	2020-01-31T06:39:00	87.4389	96.4148	 5	 151	0.0941	1	34.6148	1	6.8922	1	...0.0910	1	0.0886	34.7801	27.7931	1	8.05	85.66	28.8965	1	0.3624	0	88.8301	0	0.0259	0	NaN	0	NaN	0	NaN	0
PS122/2_22-71	2020-01-31T06:39:00	87.4389	96.4148	 6	 101	-1.2864	1	34.3575	1	7.4354	1	...-1.2851	1	-1.2887	34.5216	27.6467	1	8.37	88.89	27.5174	1	0.3611	0	88.6282	0	0.0339	0	NaN	0	NaN	0	NaN	0
PS122/2_22-71	2020-01-31T06:39:00	87.4389	96.4148	 7	  75	-1.6037	1	34.1286	1	7.5320	1	...-1.6011	1	-1.6052	34.2919	27.4715	1	8.45	89.12	27.0764	1	0.3947	0	88.5946	0	0.0310	0	NaN	0	NaN	0	NaN	0
PS122/2_22-71	2020-01-31T06:39:00	87.4389	96.4148	 8	  51	-1.7241	1	33.4134	1	8.1266	1	...-1.7198	1	-1.7249	33.5738	26.8946	1	8.52	95.37	26.4516	1	0.4266	0	88.5440	0	0.0337	0	NaN	0	NaN	0	NaN	0
PS122/2_22-71	2020-01-31T06:39:00	87.4389	96.4148	 9	  40	-1.7068	1	32.3926	1	8.4045	1	...-1.7010	1	-1.7074	32.5479	26.0651	1	8.58	97.98	25.7250	1	0.4552	0	88.4603	0	0.0345	0	NaN	0	NaN	0	NaN	0
PS122/2_22-71	2020-01-31T06:39:00	87.4389	96.4148	10	  30	-1.7498	1	31.9091	1	8.7206	1	...-1.7434	1	-1.7502	32.0620	25.6734	1	8.62	101.21	25.3373	1	0.4266	0	88.4220	0	0.0322	0	NaN	0	NaN	0	NaN	0
PS122/2_22-71	2020-01-31T06:39:00	87.4389	96.4148	11	  20	-1.7450	1	31.7990	1	8.7524	1	...-1.7383	1	-1.7452	31.9511	25.5837	1	8.62	101.51	25.2570	1	0.4303	0	88.4236	0	0.0353	0	NaN	0	NaN	0	NaN	0
PS122/2_22-71	2020-01-31T06:39:00	87.4389	96.4148	12	   5	-1.7449	1	31.7925	1	8.7571	1	...-1.7380	1	-1.7449	31.9443	25.5781	1	8.62	101.56	25.2457	1	0.4272	0	88.4236	0	0.0539	0	NaN	0	NaN	0	NaN	0
PS122/2_23-4	2020-02-03T06:39:00	87.4093	93.1314	 1	 354	1.3122	1	34.9036	1	6.7616	1	...1.2947	1	1.2946	35.0705	27.9499	1	7.78	86.93	30.2617	1	0.3611	0	89.3032	0	0.0226	0	NaN	0	NaN	0	NaN	0
PS122/2_23-4	2020-02-03T06:39:00	87.4093	93.1314	 2	 303	1.1967	1	34.8712	1	6.7131	1	...1.1824	1	1.1821	35.0379	27.9317	1	7.80	86.03	30.1126	1	0.3456	0	89.1487	0	0.0245	0	NaN	0	NaN	0	NaN	0
PS122/2_23-4	2020-02-03T06:39:00	87.4093	93.1314	 3	 253	1.2262	1	34.8737	1	6.7243	1	...1.2144	1	1.2141	35.0403	27.9315	1	7.80	86.24	30.1170	1	0.3549	0	89.0608	0	0.0242	0	NaN	0	NaN	0	NaN	0
PS122/2_23-4	2020-02-03T06:39:00	87.4093	93.1314	 4	 202	1.0959	1	34.8358	1	6.6950	1	...1.0871	1	1.0866	35.0022	27.9098	1	7.83	85.55	29.9513	1	0.3605	0	89.0101	0	0.0240	0	NaN	0	NaN	0	NaN	0
PS122/2_23-4	2020-02-03T06:39:00	87.4093	93.1314	 5	 151	0.0297	1	34.6021	1	6.9394	1	...0.0267	1	0.0243	34.7673	27.7864	1	8.06	86.09	28.8321	1	0.3611	0	88.8791	0	0.0254	0	NaN	0	NaN	0	NaN	0
PS122/2_23-4	2020-02-03T06:39:00	87.4093	93.1314	 6	 101	-1.3180	1	34.3550	1	7.4086	1	...-1.3166	1	-1.3203	34.5191	27.6458	1	8.37	88.49	27.4892	1	0.3605	0	88.7310	0	0.0317	0	NaN	0	NaN	0	NaN	0
PS122/2_23-4	2020-02-03T06:39:00	87.4093	93.1314	 7	  75	-1.6043	1	34.0905	1	7.5152	1	...-1.6016	1	-1.6057	34.2536	27.4406	1	8.45	88.90	27.0484	1	0.3916	0	88.6964	0	0.0316	0	NaN	0	NaN	0	NaN	0
PS122/2_23-4	2020-02-03T06:39:00	87.4093	93.1314	 8	  50	-1.7219	1	33.1736	1	8.3715	1	...-1.7173	1	-1.7227	33.3329	26.6998	1	8.53	98.09	26.2806	1	0.4235	0	88.5898	0	0.0326	0	NaN	0	NaN	0	NaN	0
PS122/2_23-4	2020-02-03T06:39:00	87.4093	93.1314	 9	  40	-1.7442	1	31.9721	1	8.7191	1	...-1.7380	1	-1.7447	32.1254	25.7244	1	8.61	101.25	25.3917	1	0.4260	0	88.4699	0	0.0335	0	NaN	0	NaN	0	NaN	0
PS122/2_23-4	2020-02-03T06:39:00	87.4093	93.1314	10	  30	-1.7483	1	31.8765	1	8.7594	1	...-1.7419	1	-1.7487	32.0293	25.6469	1	8.62	101.64	25.3149	1	0.4235	0	88.4667	0	0.0320	0	NaN	0	NaN	0	NaN	0
PS122/2_23-4	2020-02-03T06:39:00	87.4093	93.1314	11	  20	-1.7483	1	31.8757	1	8.7657	1	...-1.7417	1	-1.7485	32.0282	25.6460	1	8.62	101.71	25.3098	1	0.4241	0	88.4683	0	0.0317	0	NaN	0	NaN	0	NaN	0
PS122/2_23-4	2020-02-03T06:39:00	87.4093	93.1314	12	   5	-1.7485	1	31.8740	1	8.7669	1	...-1.7417	1	-1.7485	32.0262	25.6444	1	8.62	101.72	25.3018	1	0.4235	0	88.4539	0	0.0618	0	NaN	0	NaN	0	NaN	0
PS122/2_23-17	2020-02-04T12:07:00	87.4822	95.2602	 1	 354	1.3363	1	34.9050	1	6.7425	1	...1.3187	1	1.3187	35.0719	27.9493	1	7.77	86.74	30.2835	1	0.3437	0	88.5695	0	0.0216	0	NaN	0	NaN	0	NaN	0
PS122/2_23-17	2020-02-04T12:07:00	87.4822	95.2602	 2	 303	1.2251	1	34.8730	1	6.7009	1	...1.2107	1	1.2105	35.0397	27.9312	1	7.80	85.94	30.1386	1	0.3605	0	88.5072	0	0.0195	0	NaN	0	NaN	0	NaN	0
PS122/2_23-17	2020-02-04T12:07:00	87.4822	95.2602	 3	 253	1.1218	1	34.8380	1	6.6784	1	...1.1105	1	1.1100	35.0045	27.9100	1	7.82	85.40	29.9986	1	0.3605	0	88.4577	0	0.0185	0	NaN	0	NaN	0	NaN	0
PS122/2_23-17	2020-02-04T12:07:00	87.4822	95.2602	 4	 203	1.1317	1	34.8390	1	6.6975	1	...1.1228	1	1.1223	35.0054	27.9099	1	7.82	85.67	29.9852	1	0.3605	0	88.4246	0	0.0196	0	NaN	0	NaN	0	NaN	0
PS122/2_23-17	2020-02-04T12:07:00	87.4822	95.2602	 5	 151	0.0209	1	34.6008	1	6.9609	1	...0.0179	1	0.0155	34.7660	27.7858	1	8.06	86.34	28.8236	1	0.3605	0	88.3112	0	0.0231	0	NaN	0	NaN	0	NaN	0
PS122/2_23-17	2020-02-04T12:07:00	87.4822	95.2602	 6	 101	-1.2958	1	34.3598	1	7.3895	1	...-1.2945	1	-1.2981	34.5239	27.6489	1	8.37	88.32	27.5112	1	0.3605	0	88.1705	0	0.0301	0	NaN	0	NaN	0	NaN	0
PS122/2_23-17	2020-02-04T12:07:00	87.4822	95.2602	 7	  75	-1.6193	1	34.0422	1	7.5403	1	...-1.6165	1	-1.6207	34.2051	27.4018	1	8.46	89.13	27.0013	1	0.3922	0	88.1097	0	0.0309	0	NaN	0	NaN	0	NaN	0
PS122/2_23-17	2020-02-04T12:07:00	87.4822	95.2602	 8	  50	-1.7277	1	33.3843	1	8.1677	1	...-1.7234	1	-1.7285	33.5446	26.8711	1	8.52	95.82	26.4278	1	0.4247	0	88.0698	0	0.0307	0	NaN	0	NaN	0	NaN	0
PS122/2_23-17	2020-02-04T12:07:00	87.4822	95.2602	 9	  40	-1.7378	1	32.2305	1	8.5781	1	...-1.7319	1	-1.7383	32.3850	25.9342	1	8.59	99.81	25.5834	1	0.4235	0	87.9729	0	0.0321	0	NaN	0	NaN	0	NaN	0
PS122/2_23-17	2020-02-04T12:07:00	87.4822	95.2602	10	  30	-1.7452	1	31.8275	1	8.7210	1	...-1.7387	1	-1.7456	31.9801	25.6070	1	8.62	101.17	25.2819	1	0.4247	0	87.9505	0	0.0300	0	NaN	0	NaN	0	NaN	0
PS122/2_23-17	2020-02-04T12:07:00	87.4822	95.2602	11	  20	-1.7458	1	31.8245	1	8.7237	1	...-1.7392	1	-1.7460	31.9768	25.6044	1	8.62	101.19	25.2748	1	0.4222	0	87.9452	0	0.0328	0	NaN	0	NaN	0	NaN	0
PS122/2_23-17	2020-02-04T12:07:00	87.4822	95.2602	12	   5	-1.7453	1	31.8254	1	8.7226	1	...-1.7385	1	-1.7453	31.9774	25.6049	1	8.62	101.18	25.2692	1	0.4253	0	87.9542	0	0.0618	0	NaN	0	NaN	0	NaN	0
PS122/2_23-70	2020-02-07T07:13:00	87.6377	93.6830	 1	 202	1.1507	1	34.8401	1	6.7225	1	...1.1418	1	1.1413	35.0065	27.9095	1	7.81	86.03	30.0021	1	0.3617	0	88.7837	0	0.0218	0	NaN	0	NaN	0	NaN	0
PS122/2_23-70	2020-02-07T07:13:00	87.6377	93.6830	 2	 182	1.0520	1	34.8146	1	6.5567	3	...1.0444	1	1.0437	34.9808	27.8956	1	7.84	83.68	29.8875	1	0.3605	0	88.6052	0	0.0239	0	NaN	0	NaN	0	NaN	0
PS122/2_23-97	2020-02-08T06:50:00	87.6699	93.7886	 1	 101	-1.2226	1	34.3770	1	7.2112	1	...-1.2214	1	-1.2250	34.5412	27.6603	1	8.35	86.37	27.5849	1	0.3810	0	88.2803	0	0.0303	0	NaN	0	NaN	0	NaN	0
PS122/2_23-97	2020-02-08T06:50:00	87.6699	93.7886	 2	  76	-1.5794	1	34.1362	1	7.2807	1	...-1.5768	1	-1.5809	34.2996	27.4770	1	8.45	86.21	27.1021	1	0.3929	0	88.2254	0	0.0302	0	NaN	0	NaN	0	NaN	0
PS122/2_23-97	2020-02-08T06:50:00	87.6699	93.7886	 3	  61	-1.6896	1	33.7460	1	7.6078	1	...-1.6860	1	-1.6907	33.9079	27.1636	1	8.49	89.57	26.7236	1	0.3929	0	88.0996	0	0.0304	0	NaN	0	NaN	0	NaN	0
PS122/2_23-97	2020-02-08T06:50:00	87.6699	93.7886	 4	  55	-1.7086	1	33.4723	1	7.7892	1	...-1.7045	1	-1.7095	33.6330	26.9420	1	8.51	91.48	26.5088	1	0.4122	0	88.0639	0	0.0305	0	NaN	0	NaN	0	NaN	0
PS122/2_23-97	2020-02-08T06:50:00	87.6699	93.7886	 5	  50	-1.6897	1	33.1083	1	7.8897	1	...-1.6849	1	-1.6905	33.2674	26.6460	1	8.53	92.48	26.2595	1	0.4241	0	88.0208	0	0.0316	0	NaN	0	NaN	0	NaN	0
PS122/2_23-97	2020-02-08T06:50:00	87.6699	93.7886	 6	  45	-1.6886	1	32.4835	1	8.1216	1	...-1.6829	1	-1.6893	32.6394	26.1386	1	8.57	94.79	25.8072	1	0.4403	0	87.9436	0	0.0314	0	NaN	0	NaN	0	NaN	0
PS122/2_23-97	2020-02-08T06:50:00	87.6699	93.7886	 7	  40	-1.7479	1	31.8567	1	8.5773	1	...-1.7416	1	-1.7484	32.0095	25.6309	1	8.62	99.51	25.3053	1	0.4235	0	87.9499	0	0.0319	0	NaN	0	NaN	0	NaN	0
PS122/2_23-97	2020-02-08T06:50:00	87.6699	93.7886	 8	  35	-1.7457	1	31.8472	1	8.5469	1	...-1.7393	1	-1.7461	31.9999	25.6231	1	8.62	99.16	25.2980	1	0.4253	0	87.9281	0	0.0306	0	NaN	0	NaN	0	NaN	0
PS122/2_23-97	2020-02-08T06:50:00	87.6699	93.7886	 9	  30	-1.7446	1	31.8331	1	8.5568	1	...-1.7381	1	-1.7450	31.9858	25.6116	1	8.62	99.27	25.2863	1	0.4247	0	87.9265	0	0.0325	0	NaN	0	NaN	0	NaN	0
PS122/2_23-97	2020-02-08T06:50:00	87.6699	93.7886	10	  20	-1.7447	1	31.7885	1	8.5379	1	...-1.7380	1	-1.7449	31.9407	25.5752	1	8.62	99.02	25.2495	1	0.4216	0	87.9222	0	0.0305	0	NaN	0	NaN	0	NaN	0
PS122/2_23-97	2020-02-08T06:50:00	87.6699	93.7886	11	  10	-1.7424	1	31.7609	1	8.5474	1	...-1.7356	1	-1.7425	31.9129	25.5527	1	8.62	99.12	25.2268	1	0.4502	0	87.9020	0	0.0344	0	NaN	0	NaN	0	NaN	0
PS122/2_23-97	2020-02-08T06:50:00	87.6699	93.7886	12	   5	-1.7428	1	31.7592	1	8.5114	1	...-1.7359	1	-1.7428	31.9109	25.5511	1	8.62	98.70	25.2233	1	0.4260	0	87.9020	0	0.0467	0	NaN	0	NaN	0	NaN	0
PS122/2_24-47	2020-02-14T06:43:00	88.0154	80.6771	 1	 253	1.0476	1	34.8314	1	5.2685	3	...1.0366	1	1.0359	34.9978	27.9098	1	7.84	67.24	29.9291	1	0.3605	0	89.1572	0	0.0234	0	NaN	0	NaN	0	NaN	0
PS122/2_24-47	2020-02-14T06:43:00	88.0154	80.6771	 2	 202	0.6936	1	34.7357	1	5.3184	3	...0.6865	1	0.6850	34.9016	27.8556	1	7.91	67.21	29.5260	1	0.3605	0	89.0587	0	0.0209	0	NaN	0	NaN	0	NaN	0
PS122/2_24-47	2020-02-14T06:43:00	88.0154	80.6771	 3	 101	-1.5287	1	34.1074	1	5.8265	3	...-1.5266	1	-1.5308	34.2703	27.4518	1	8.44	69.07	27.1350	1	0.3910	0	88.6857	0	0.0298	0	NaN	0	NaN	0	NaN	0
PS122/2_24-47	2020-02-14T06:43:00	88.0154	80.6771	 4	  76	-1.7227	1	33.6998	1	6.3318	3	...-1.7193	1	-1.7240	33.8612	27.1268	1	8.50	74.46	26.6702	1	0.4185	0	88.5770	0	0.0314	0	NaN	0	NaN	0	NaN	0
PS122/2_24-47	2020-02-14T06:43:00	88.0154	80.6771	 5	  60	-1.7366	1	33.3654	1	6.5685	3	...-1.7324	1	-1.7376	33.5255	26.8559	1	8.53	77.03	26.4113	1	0.4260	0	88.5743	0	0.0323	0	NaN	0	NaN	0	NaN	0
PS122/2_24-47	2020-02-14T06:43:00	88.0154	80.6771	 6	  55	-1.7320	1	33.2436	1	6.5821	3	...-1.7276	1	-1.7329	33.4032	26.7569	1	8.53	77.14	26.3253	1	0.4260	0	88.5466	0	0.0305	0	NaN	0	NaN	0	NaN	0
PS122/2_24-47	2020-02-14T06:43:00	88.0154	80.6771	 7	  51	-1.7282	1	33.0395	1	6.6166	3	...-1.7234	1	-1.7290	33.1982	26.5912	1	8.54	77.44	26.1792	1	0.4266	0	88.5061	0	0.0297	0	NaN	0	NaN	0	NaN	0
PS122/2_24-47	2020-02-14T06:43:00	88.0154	80.6771	 8	  45	-1.7567	1	32.6051	1	6.8345	3	...-1.7513	1	-1.7573	32.7617	26.2390	1	8.58	79.69	25.8410	1	0.4247	0	88.4704	0	0.0333	0	NaN	0	NaN	0	NaN	0
PS122/2_24-47	2020-02-14T06:43:00	88.0154	80.6771	 9	  40	-1.7748	1	32.3434	1	6.9295	3	...-1.7691	1	-1.7753	32.4987	26.0268	1	8.60	80.61	25.6357	1	0.4253	0	88.4491	0	0.0321	0	NaN	0	NaN	0	NaN	0
PS122/2_24-47	2020-02-14T06:43:00	88.0154	80.6771	10	  30	-1.7738	1	32.3311	1	6.8741	3	...-1.7679	1	-1.7742	32.4863	26.0168	1	8.60	79.96	25.6233	1	0.4272	0	88.4092	0	0.0310	0	NaN	0	NaN	0	NaN	0
PS122/2_24-47	2020-02-14T06:43:00	88.0154	80.6771	11	  10	-1.7740	1	32.3262	1	6.7493	3	...-1.7678	1	-1.7741	32.4809	26.0124	1	8.60	78.50	25.6104	1	0.4266	0	88.4028	0	0.0328	0	NaN	0	NaN	0	NaN	0
PS122/2_24-47	2020-02-14T06:43:00	88.0154	80.6771	12	   5	-1.7740	1	32.3250	1	6.6897	3	...-1.7678	1	-1.7740	32.4795	26.0113	1	8.60	77.81	25.6074	1	0.4284	0	88.3868	0	0.0505	0	NaN	0	NaN	0	NaN	0
PS122/2_25-4	2020-02-17T06:37:00	88.0725	79.1341	 1	 151	-0.6163	1	34.4767	1	5.6715	3	...-0.6176	1	-0.6208	34.6414	27.7168	1	8.21	69.10	28.1905	1	0.3630	0	88.7513	0	0.0222	0	NaN	0	NaN	0	NaN	0
PS122/2_25-4	2020-02-17T06:37:00	88.0725	79.1341	 2	 101	-1.5023	1	34.1588	1	5.7975	3	...-1.5003	1	-1.5044	34.3219	27.4927	1	8.43	68.80	27.1939	1	0.3941	0	88.5594	0	0.0254	0	NaN	0	NaN	0	NaN	0
PS122/2_25-4	2020-02-17T06:37:00	88.0725	79.1341	 3	  76	-1.7433	1	33.6937	1	6.3650	3	...-1.7399	1	-1.7446	33.8551	27.1224	1	8.51	74.80	26.6490	1	0.4228	0	88.4641	0	0.0272	0	NaN	0	NaN	0	NaN	0
PS122/2_25-4	2020-02-17T06:37:00	88.0725	79.1341	 4	  66	-1.7561	1	33.4930	1	6.5622	3	...-1.7522	1	-1.7572	33.6536	26.9599	1	8.52	76.98	26.4898	1	0.4241	0	88.4337	0	0.0299	0	NaN	0	NaN	0	NaN	0
PS122/2_25-4	2020-02-17T06:37:00	88.0725	79.1341	 5	  61	-1.7368	1	33.3670	1	6.5419	3	...-1.7326	1	-1.7378	33.5271	26.8572	1	8.53	76.72	26.4125	1	0.4253	0	88.4081	0	0.0279	0	NaN	0	NaN	0	NaN	0
PS122/2_25-4	2020-02-17T06:37:00	88.0725	79.1341	 6	  56	-1.7309	1	33.2383	1	6.5375	3	...-1.7265	1	-1.7318	33.3979	26.7526	1	8.53	76.61	26.3224	1	0.4253	0	88.3858	0	0.0292	0	NaN	0	NaN	0	NaN	0
PS122/2_25-4	2020-02-17T06:37:00	88.0725	79.1341	 7	  50	-1.7260	1	33.0473	1	6.5571	3	...-1.7212	1	-1.7268	33.2061	26.5974	1	8.54	76.75	26.1865	1	0.4241	0	88.3692	0	0.0305	0	NaN	0	NaN	0	NaN	0
PS122/2_25-4	2020-02-17T06:37:00	88.0725	79.1341	 8	  45	-1.7724	1	32.4130	1	6.8711	3	...-1.7668	1	-1.7730	32.5687	26.0833	1	8.59	79.97	25.6901	1	0.4260	0	88.3138	0	0.0314	0	NaN	0	NaN	0	NaN	0
PS122/2_25-4	2020-02-17T06:37:00	88.0725	79.1341	 9	  40	-1.7760	1	32.3649	1	6.8627	3	...-1.7703	1	-1.7765	32.5203	26.0443	1	8.60	79.84	25.6503	1	0.4253	0	88.3021	0	0.0281	0	NaN	0	NaN	0	NaN	0
PS122/2_25-4	2020-02-17T06:37:00	88.0725	79.1341	10	  30	-1.7762	1	32.3629	1	6.8113	3	...-1.7704	1	-1.7766	32.5183	26.0427	1	8.60	79.24	25.6443	1	0.4284	0	88.2883	0	0.0325	0	NaN	0	NaN	0	NaN	0
PS122/2_25-4	2020-02-17T06:37:00	88.0725	79.1341	11	  10	-1.7770	1	32.3636	1	6.6377	3	...-1.7709	1	-1.7771	32.5186	26.0429	1	8.60	77.22	25.6352	1	0.4266	0	88.2601	0	0.0342	0	NaN	0	NaN	0	NaN	0
PS122/2_25-4	2020-02-17T06:37:00	88.0725	79.1341	12	   5	-1.7772	1	32.3635	1	6.6158	3	...-1.7710	1	-1.7772	32.5182	26.0426	1	8.60	76.96	25.6327	1	0.4291	0	88.2563	0	0.0393	0	NaN	0	NaN	0	NaN	0
PS122/2_25-26	2020-02-18T06:39:00	88.0911	77.5939	 1	 253	1.0734	1	34.8342	1	5.1979	3	...1.0623	1	1.0617	35.0007	27.9103	1	7.83	66.38	29.9538	1	0.3499	0	88.5610	0	0.0233	0	NaN	0	NaN	0	NaN	0
PS122/2_25-26	2020-02-18T06:39:00	88.0911	77.5939	 2	 202	0.9272	1	34.7891	1	5.2675	3	...0.9192	1	0.9182	34.9553	27.8836	1	7.86	67.00	29.7688	1	0.3605	0	88.4641	0	0.0223	0	NaN	0	NaN	0	NaN	0
PS122/2_25-26	2020-02-18T06:39:00	88.0911	77.5939	 3	 177	0.1998	1	34.6351	1	5.3301	3	...0.1954	1	0.1931	34.8005	27.8038	1	8.02	66.44	29.0139	1	0.3611	0	88.3682	0	0.0237	0	NaN	0	NaN	0	NaN	0
PS122/2_25-26	2020-02-18T06:39:00	88.0911	77.5939	 4	 151	-0.5102	1	34.4992	1	5.5784	3	...-0.5118	1	-0.5149	34.6640	27.7302	1	8.18	68.17	28.2967	1	0.3605	0	88.2425	0	0.0251	0	NaN	0	NaN	0	NaN	0
PS122/2_25-26	2020-02-18T06:39:00	88.0911	77.5939	 5	 101	-1.4811	1	34.1469	1	5.7059	3	...-1.4791	1	-1.4832	34.3099	27.4823	1	8.42	67.75	27.2029	1	0.3929	0	88.1492	0	0.0292	0	NaN	0	NaN	0	NaN	0
PS122/2_25-26	2020-02-18T06:39:00	88.0911	77.5939	 6	  76	-1.7383	1	33.6953	1	6.2928	3	...-1.7349	1	-1.7396	33.8567	27.1236	1	8.51	73.96	26.6542	1	0.4166	0	88.0804	0	0.0302	0	NaN	0	NaN	0	NaN	0
PS122/2_25-26	2020-02-18T06:39:00	88.0911	77.5939	 7	  51	-1.7176	1	33.0454	1	6.4253	3	...-1.7128	1	-1.7184	33.2041	26.5956	1	8.54	75.22	26.1920	1	0.4222	0	87.9878	0	0.0318	0	NaN	0	NaN	0	NaN	0
PS122/2_25-26	2020-02-18T06:39:00	88.0911	77.5939	 8	  51	-1.7167	1	33.0417	1	6.4325	3	...-1.7119	1	-1.7175	33.2004	26.5926	1	8.54	75.31	26.1900	1	0.4222	0	87.9856	0	0.0328	0	NaN	0	NaN	0	NaN	0
PS122/2_25-26	2020-02-18T06:39:00	88.0911	77.5939	 9	  20	-1.7785	1	32.3911	1	6.6903	3	...-1.7726	1	-1.7787	32.5463	26.0654	1	8.59	77.84	25.6584	1	0.4235	0	87.9547	0	0.0298	0	NaN	0	NaN	0	NaN	0
PS122/2_25-26	2020-02-18T06:39:00	88.0911	77.5939	10	  20	-1.7785	1	32.3910	1	6.7015	3	...-1.7726	1	-1.7787	32.5462	26.0653	1	8.59	77.97	25.6583	1	0.4235	0	87.9489	0	0.0296	0	NaN	0	NaN	0	NaN	0
PS122/2_25-26	2020-02-18T06:39:00	88.0911	77.5939	11	   2	-1.7783	1	32.3901	1	6.6631	3	...-1.7721	1	-1.7783	32.5448	26.0642	1	8.59	77.53	25.6497	1	0.4216	0	87.9345	0	0.2110	0	NaN	0	NaN	0	NaN	0
PS122/2_25-26	2020-02-18T06:39:00	88.0911	77.5939	12	   2	-1.7786	1	32.3899	1	6.6647	3	...-1.7724	1	-1.7786	32.5446	26.0640	1	8.59	77.54	25.6494	1	0.4228	0	87.9366	0	0.2537	0	NaN	0	NaN	0	NaN	0
