Event Label	Date/Time	Lat	Lon	Bottle Nr.	Pressure [dbar]	in-situ temperature ITS-90 [°C]	Quality flag	practical Salinity PSU78 [ ]	Quality flag	Oxygen [ml/l]	Quality flag	conservative Temp ITS-90 [°C]	Quality flag	potential Temp. ref. pres. 0 dbar [°C]	absolute Salinity [g/kg]	potential density anomaly ref. pres. 0 dbar [kg/m^3]	Quality flag	oxygen satuaration [ml/l]	oxygen saturation [%]	conductivity [mS/cm]	Quality flag	fluorescence chl-a uncalibrated [mg/m^3]	Quality flag	beam transmission uncalibrated [%]	Quality flag	PAR/Irradiance [unknown]	Quality flag	SPAR/Surface Irradiance [unknown]	Quality flag	fluorescence cdom uncalibrated [mg/m^3]	Quality flag	rhodamine [ppb]	Quality flag
PS122/3_30-53	2020-03-06T11:07:00	88.1010	29.6345	 1	4325	-0.6347	1	34.9385	1	6.6695	1	...-0.9224	1	-0.9256	35.1076	28.1053	1	8.19	81.47	30.1833	1	-0.1246	0	98.0685	0	0.0000	0	NaN	0	NaN	0	NaN	0
PS122/3_30-53	2020-03-06T11:07:00	88.1010	29.6345	 2	4082	-0.6599	1	34.9387	1	6.6752	1	...-0.9227	1	-0.9258	35.1078	28.1054	1	8.19	81.49	30.0787	1	-0.1223	0	98.0091	0	0.0000	0	NaN	0	NaN	0	NaN	0
PS122/3_30-53	2020-03-06T11:07:00	88.1010	29.6345	 3	3568	-0.7110	1	34.9344	1	6.6821	1	...-0.9242	1	-0.9272	35.1034	28.1020	1	8.20	81.46	29.8506	1	-0.1249	0	98.0534	0	0.0000	0	NaN	0	NaN	0	NaN	0
PS122/3_30-53	2020-03-06T11:07:00	88.1010	29.6345	 4	3055	-0.7371	1	34.9282	1	6.7009	1	...-0.9057	1	-0.9086	35.0971	28.0962	1	8.21	81.63	29.6352	1	-0.1301	0	98.0253	0	0.0000	0	NaN	0	NaN	0	NaN	0
PS122/3_30-53	2020-03-06T11:07:00	88.1010	29.6345	 5	2543	-0.7294	1	34.9211	1	6.7201	1	...-0.8585	1	-0.8612	35.0899	28.0883	1	8.21	81.87	29.4408	1	-0.1236	0	98.1149	0	0.0000	0	NaN	0	NaN	0	NaN	0
PS122/3_30-53	2020-03-06T11:07:00	88.1010	29.6345	 6	2032	-0.6368	1	34.9177	1	6.7222	1	...-0.7322	1	-0.7346	35.0864	28.0800	1	8.19	82.10	29.3142	1	-0.1246	0	98.0820	0	0.0000	0	NaN	0	NaN	0	NaN	0
PS122/3_30-53	2020-03-06T11:07:00	88.1010	29.6345	 7	1014	-0.1279	1	34.8988	1	6.9366	1	...-0.1702	1	-0.1718	35.0663	28.0368	1	8.08	85.87	29.3074	1	-0.1279	0	98.0934	0	0.0085	0	NaN	0	NaN	0	NaN	0
PS122/3_30-53	2020-03-06T11:07:00	88.1010	29.6345	 8	1014	-0.1265	1	34.8990	1	6.9345	1	...-0.1688	1	-0.1704	35.0665	28.0369	1	8.08	85.85	29.3087	1	-0.1230	0	98.0988	0	0.0085	0	NaN	0	NaN	0	NaN	0
PS122/3_30-53	2020-03-06T11:07:00	88.1010	29.6345	 9	 506	0.7404	1	34.8897	1	6.9258	1	...0.7177	1	0.7171	35.0566	27.9777	1	7.90	87.72	29.8229	1	-0.1259	0	98.0637	0	0.0085	0	NaN	0	NaN	0	NaN	0
PS122/3_30-53	2020-03-06T11:07:00	88.1010	29.6345	10	 355	1.1641	1	34.8869	1	6.8789	1	...1.1472	1	1.1469	35.0537	27.9469	1	7.81	88.09	30.1199	1	-0.1256	0	98.0582	0	0.0085	0	NaN	0	NaN	0	NaN	0
PS122/3_30-53	2020-03-06T11:07:00	88.1010	29.6345	11	 355	1.1642	1	34.8871	1	6.8763	1	...1.1473	1	1.1470	35.0539	27.9470	1	7.81	88.06	30.1201	1	-0.1321	0	98.0598	0	0.0085	0	NaN	0	NaN	0	NaN	0
PS122/3_30-53	2020-03-06T11:07:00	88.1010	29.6345	12	 203	0.3835	1	34.6679	1	6.9112	1	...0.3774	1	0.3754	34.8336	27.8198	1	7.98	86.59	29.2080	1	-0.1272	0	98.0404	0	0.0085	0	NaN	0	NaN	0	NaN	0
PS122/3_30-53	2020-03-06T11:07:00	88.1010	29.6345	13	 152	-0.6409	1	34.4407	1	7.1501	1	...-0.6422	1	-0.6455	34.6052	27.6887	1	8.22	87.03	28.1433	1	-0.1191	0	98.0458	0	0.0085	0	NaN	0	NaN	0	NaN	0
PS122/3_30-53	2020-03-06T11:07:00	88.1010	29.6345	14	 102	-1.4346	1	34.1044	1	7.2757	1	...-1.4326	1	-1.4368	34.2674	27.4465	1	8.41	86.48	27.2108	1	-0.0883	0	98.0172	0	0.0084	0	NaN	0	NaN	0	NaN	0
PS122/3_30-53	2020-03-06T11:07:00	88.1010	29.6345	15	 102	-1.4404	1	34.0991	1	7.2772	1	...-1.4384	1	-1.4426	34.2621	27.4424	1	8.42	86.48	27.2022	1	-0.0892	0	98.0178	0	0.0085	0	NaN	0	NaN	0	NaN	0
PS122/3_30-53	2020-03-06T11:07:00	88.1010	29.6345	16	  76	-1.6577	1	33.5991	1	7.7548	1	...-1.6542	1	-1.6591	33.7603	27.0435	1	8.49	91.29	26.6509	1	-0.0637	0	97.9259	0	0.0084	0	NaN	0	NaN	0	NaN	0
PS122/3_30-53	2020-03-06T11:07:00	88.1010	29.6345	17	  50	-1.8019	1	33.1026	1	8.6618	1	...-1.7973	1	-1.8027	33.2619	26.6444	1	8.56	101.21	26.1649	1	-0.0611	0	97.8482	0	0.0084	0	NaN	0	NaN	0	NaN	0
PS122/3_30-53	2020-03-06T11:07:00	88.1010	29.6345	18	  50	-1.8014	1	33.1017	1	8.6600	1	...-1.7968	1	-1.8022	33.2610	26.6436	1	8.56	101.19	26.1646	1	-0.0624	0	97.8601	0	0.0084	0	NaN	0	NaN	0	NaN	0
PS122/3_30-53	2020-03-06T11:07:00	88.1010	29.6345	19	  19	-1.8125	1	33.0686	1	8.7149	1	...-1.8075	1	-1.8128	33.2273	26.6166	1	8.56	101.78	26.1183	1	-0.0711	0	97.8547	0	0.0084	0	NaN	0	NaN	0	NaN	0
PS122/3_30-53	2020-03-06T11:07:00	88.1010	29.6345	20	  19	-1.8114	1	33.0684	1	8.7185	1	...-1.8064	1	-1.8117	33.2271	26.6164	1	8.56	101.83	26.1191	1	-0.0588	0	97.8649	0	0.0084	0	NaN	0	NaN	0	NaN	0
PS122/3_30-53	2020-03-06T11:07:00	88.1010	29.6345	21	  19	-1.8125	1	33.0685	1	8.7182	1	...-1.8075	1	-1.8128	33.2272	26.6165	1	8.56	101.82	26.1183	1	-0.0614	0	97.8768	0	0.0084	0	NaN	0	NaN	0	NaN	0
PS122/3_30-53	2020-03-06T11:07:00	88.1010	29.6345	22	  10	-1.8124	1	33.0681	1	8.7222	1	...-1.8072	1	-1.8126	33.2269	26.6163	1	8.56	101.86	26.1140	1	-0.0627	0	97.8962	0	0.0085	0	NaN	0	NaN	0	NaN	0
PS122/3_30-53	2020-03-06T11:07:00	88.1010	29.6345	23	  10	-1.8121	1	33.0683	1	8.7224	1	...-1.8069	1	-1.8123	33.2271	26.6165	1	8.56	101.87	26.1144	1	-0.0647	0	97.8849	0	0.0085	0	NaN	0	NaN	0	NaN	0
PS122/3_30-53	2020-03-06T11:07:00	88.1010	29.6345	24	  10	-1.8125	1	33.0682	1	8.7209	1	...-1.8073	1	-1.8127	33.2270	26.6164	1	8.56	101.85	26.1140	1	-0.0634	0	97.8736	0	0.0084	0	NaN	0	NaN	0	NaN	0
PS122/3_30-64	2020-03-07T06:30:00	88.0773	27.2923	 1	 385	1.1436	1	34.8851	1	6.9947	1	...1.1252	1	1.1249	35.0520	27.9470	1	7.81	89.52	30.1143	1	-0.1350	0	98.0528	0	0.0095	0	NaN	0	NaN	0	NaN	0
PS122/3_30-64	2020-03-07T06:30:00	88.0773	27.2923	 2	 385	1.1435	1	34.8854	1	7.0017	1	...1.1251	1	1.1248	35.0523	27.9472	1	7.81	89.61	30.1144	1	-0.1405	0	98.0167	0	0.0095	0	NaN	0	NaN	0	NaN	0
PS122/3_30-64	2020-03-07T06:30:00	88.0773	27.2923	 3	 385	1.1447	1	34.8849	1	7.0031	1	...1.1263	1	1.1260	35.0518	27.9467	1	7.81	89.63	30.1151	1	-0.1431	0	97.9686	0	0.0095	0	NaN	0	NaN	0	NaN	0
PS122/3_30-64	2020-03-07T06:30:00	88.0773	27.2923	 4	 385	1.1460	1	34.8846	1	7.0009	1	...1.1276	1	1.1273	35.0515	27.9464	1	7.81	89.61	30.1160	1	-0.1350	0	97.9837	0	0.0095	0	NaN	0	NaN	0	NaN	0
PS122/3_30-64	2020-03-07T06:30:00	88.0773	27.2923	 5	 385	1.1459	1	34.8849	1	7.0080	1	...1.1275	1	1.1272	35.0518	27.9467	1	7.81	89.70	30.1161	1	-0.1350	0	98.0140	0	0.0096	0	NaN	0	NaN	0	NaN	0
PS122/3_30-64	2020-03-07T06:30:00	88.0773	27.2923	 6	 101	-1.5331	1	34.0584	1	7.5907	1	...-1.5310	1	-1.5352	34.2212	27.4123	1	8.44	89.95	27.0960	1	-0.0944	0	97.9578	0	0.0095	0	NaN	0	NaN	0	NaN	0
PS122/3_30-64	2020-03-07T06:30:00	88.0773	27.2923	 7	 101	-1.5339	1	34.0559	1	7.6007	1	...-1.5318	1	-1.5360	34.2187	27.4103	1	8.44	90.06	27.0935	1	-0.0977	0	97.9481	0	0.0095	0	NaN	0	NaN	0	NaN	0
PS122/3_30-64	2020-03-07T06:30:00	88.0773	27.2923	 8	 101	-1.5338	1	34.0559	1	7.5996	1	...-1.5317	1	-1.5359	34.2187	27.4103	1	8.44	90.05	27.0936	1	-0.0990	0	97.9573	0	0.0095	0	NaN	0	NaN	0	NaN	0
PS122/3_30-64	2020-03-07T06:30:00	88.0773	27.2923	 9	 101	-1.5357	1	34.0557	1	7.5992	1	...-1.5336	1	-1.5378	34.2185	27.4102	1	8.44	90.04	27.0919	1	-0.1003	0	97.9519	0	0.0094	0	NaN	0	NaN	0	NaN	0
PS122/3_30-64	2020-03-07T06:30:00	88.0773	27.2923	10	  51	-1.8038	1	33.1161	1	8.8917	1	...-1.7993	1	-1.8046	33.2755	26.6554	1	8.56	103.90	26.1736	1	-0.0712	0	97.8401	0	0.0094	0	NaN	0	NaN	0	NaN	0
PS122/3_30-64	2020-03-07T06:30:00	88.0773	27.2923	11	  51	-1.8074	1	33.1086	1	8.9198	1	...-1.8029	1	-1.8082	33.2680	26.6494	1	8.56	104.22	26.1653	1	-0.0708	0	97.8342	0	0.0095	0	NaN	0	NaN	0	NaN	0
PS122/3_30-64	2020-03-07T06:30:00	88.0773	27.2923	12	  51	-1.8038	1	33.1099	1	8.9225	1	...-1.7993	1	-1.8046	33.2693	26.6504	1	8.56	104.26	26.1691	1	-0.0715	0	97.8342	0	0.0094	0	NaN	0	NaN	0	NaN	0
PS122/3_30-64	2020-03-07T06:30:00	88.0773	27.2923	13	  51	-1.7973	1	33.1165	1	8.8919	1	...-1.7928	1	-1.7981	33.2759	26.6556	1	8.56	103.92	26.1791	1	-0.0715	0	97.8299	0	0.0095	0	NaN	0	NaN	0	NaN	0
PS122/3_30-64	2020-03-07T06:30:00	88.0773	27.2923	14	  51	-1.7974	1	33.1201	1	8.9169	1	...-1.7929	1	-1.7982	33.2795	26.6585	1	8.56	104.22	26.1816	1	-0.0640	0	97.8380	0	0.0096	0	NaN	0	NaN	0	NaN	0
PS122/3_30-64	2020-03-07T06:30:00	88.0773	27.2923	15	  20	-1.8093	1	33.0289	1	8.8890	1	...-1.8042	1	-1.8096	33.1874	26.5843	1	8.56	103.79	26.0927	1	-0.0792	0	97.8309	0	0.0094	0	NaN	0	NaN	0	NaN	0
PS122/3_30-64	2020-03-07T06:30:00	88.0773	27.2923	16	  20	-1.8113	1	33.0305	1	8.8940	1	...-1.8062	1	-1.8116	33.1890	26.5857	1	8.56	103.85	26.0923	1	-0.0712	0	97.8396	0	0.0094	0	NaN	0	NaN	0	NaN	0
PS122/3_30-64	2020-03-07T06:30:00	88.0773	27.2923	17	  20	-1.8101	1	33.0284	1	8.8833	1	...-1.8050	1	-1.8104	33.1869	26.5839	1	8.56	103.72	26.0917	1	-0.0627	0	97.8347	0	0.0095	0	NaN	0	NaN	0	NaN	0
PS122/3_30-64	2020-03-07T06:30:00	88.0773	27.2923	18	  20	-1.8097	1	33.0265	1	8.8822	1	...-1.8046	1	-1.8100	33.1850	26.5824	1	8.56	103.71	26.0907	1	-0.0712	0	97.8363	0	0.0094	0	NaN	0	NaN	0	NaN	0
PS122/3_30-64	2020-03-07T06:30:00	88.0773	27.2923	19	  20	-1.8095	1	33.0279	1	8.8792	1	...-1.8044	1	-1.8098	33.1864	26.5835	1	8.56	103.68	26.0919	1	-0.0715	0	97.8439	0	0.0094	0	NaN	0	NaN	0	NaN	0
PS122/3_30-64	2020-03-07T06:30:00	88.0773	27.2923	20	  10	-1.8085	1	33.0250	1	8.8807	1	...-1.8033	1	-1.8087	33.1836	26.5812	1	8.56	103.70	26.0860	1	-0.0556	0	97.8450	0	0.0094	0	NaN	0	NaN	0	NaN	0
PS122/3_30-64	2020-03-07T06:30:00	88.0773	27.2923	21	  10	-1.8099	1	33.0270	1	8.8839	1	...-1.8047	1	-1.8101	33.1856	26.5829	1	8.56	103.73	26.0863	1	-0.0715	0	97.8391	0	0.0094	0	NaN	0	NaN	0	NaN	0
PS122/3_30-64	2020-03-07T06:30:00	88.0773	27.2923	22	  10	-1.8033	1	33.0191	1	8.8856	1	...-1.7980	1	-1.8035	33.1777	26.5763	1	8.56	103.76	26.0859	1	-0.0666	0	97.8385	0	0.0094	0	NaN	0	NaN	0	NaN	0
PS122/3_30-64	2020-03-07T06:30:00	88.0773	27.2923	23	  10	-1.8080	1	33.0226	1	8.8868	1	...-1.8028	1	-1.8082	33.1812	26.5793	1	8.56	103.77	26.0847	1	-0.0640	0	97.8450	0	0.0095	0	NaN	0	NaN	0	NaN	0
PS122/3_30-64	2020-03-07T06:30:00	88.0773	27.2923	24	   2	-1.8123	1	33.0235	1	8.8895	1	...-1.8069	1	-1.8124	33.1817	26.5798	1	8.57	103.79	26.0781	1	-0.0718	0	97.8288	0	0.0093	0	NaN	0	NaN	0	NaN	0
PS122/3_31-39	2020-03-12T07:12:00	87.5642	22.0788	 1	 384	1.1306	1	34.8831	1	7.0394	1	...1.1123	1	1.1120	35.0500	27.9463	1	7.82	90.06	30.1012	1	-0.1350	0	98.0571	0	0.0096	0	NaN	0	NaN	0	NaN	0
PS122/3_31-39	2020-03-12T07:12:00	87.5642	22.0788	 2	 384	1.1310	1	34.8831	1	7.0401	1	...1.1127	1	1.1124	35.0500	27.9462	1	7.82	90.07	30.1016	1	-0.1243	0	98.0145	0	0.0096	0	NaN	0	NaN	0	NaN	0
PS122/3_31-39	2020-03-12T07:12:00	87.5642	22.0788	 3	 384	1.1305	1	34.8832	1	7.0386	1	...1.1122	1	1.1119	35.0501	27.9464	1	7.82	90.05	30.1012	1	-0.1350	0	98.0534	0	0.0096	0	NaN	0	NaN	0	NaN	0
PS122/3_31-39	2020-03-12T07:12:00	87.5642	22.0788	 4	 384	1.1306	1	34.8832	1	7.0328	1	...1.1123	1	1.1120	35.0501	27.9463	1	7.82	89.98	30.1013	1	-0.1314	0	98.0415	0	0.0096	0	NaN	0	NaN	0	NaN	0
PS122/3_31-39	2020-03-12T07:12:00	87.5642	22.0788	 5	 384	1.1309	1	34.8832	1	7.0346	1	...1.1126	1	1.1123	35.0501	27.9463	1	7.82	90.00	30.1016	1	-0.1414	0	98.0544	0	0.0096	0	NaN	0	NaN	0	NaN	0
PS122/3_31-39	2020-03-12T07:12:00	87.5642	22.0788	 6	  50	-1.8085	1	33.1125	1	8.9766	1	...-1.8040	1	-1.8093	33.2719	26.6526	1	8.56	104.88	26.1670	1	-0.0647	0	97.8622	0	0.0095	0	NaN	0	NaN	0	NaN	0
PS122/3_31-39	2020-03-12T07:12:00	87.5642	22.0788	 7	  50	-1.8084	1	33.1128	1	8.9755	1	...-1.8039	1	-1.8092	33.2722	26.6528	1	8.56	104.87	26.1673	1	-0.0637	0	97.8590	0	0.0096	0	NaN	0	NaN	0	NaN	0
PS122/3_31-39	2020-03-12T07:12:00	87.5642	22.0788	 8	  50	-1.8094	1	33.1103	1	8.9784	1	...-1.8049	1	-1.8102	33.2697	26.6508	1	8.56	104.90	26.1647	1	-0.0715	0	97.8563	0	0.0095	0	NaN	0	NaN	0	NaN	0
PS122/3_31-39	2020-03-12T07:12:00	87.5642	22.0788	 9	  50	-1.8091	1	33.1100	1	8.9806	1	...-1.8046	1	-1.8099	33.2694	26.6506	1	8.56	104.92	26.1647	1	-0.0709	0	97.8487	0	0.0096	0	NaN	0	NaN	0	NaN	0
PS122/3_31-39	2020-03-12T07:12:00	87.5642	22.0788	10	  50	-1.8079	1	33.1100	1	8.9894	1	...-1.8034	1	-1.8087	33.2694	26.6505	1	8.56	105.03	26.1657	1	-0.0715	0	97.8558	0	0.0095	0	NaN	0	NaN	0	NaN	0
PS122/3_31-39	2020-03-12T07:12:00	87.5642	22.0788	11	  50	-1.8096	1	33.1087	1	8.9764	1	...-1.8051	1	-1.8104	33.2680	26.6495	1	8.56	104.87	26.1634	1	-0.0712	0	97.8628	0	0.0095	0	NaN	0	NaN	0	NaN	0
PS122/3_31-39	2020-03-12T07:12:00	87.5642	22.0788	12	  18	-1.8116	1	33.1044	1	8.9987	1	...-1.8066	1	-1.8119	33.2632	26.6457	1	8.56	105.12	26.1442	1	-0.0709	0	97.8709	0	0.0095	0	NaN	0	NaN	0	NaN	0
PS122/3_31-39	2020-03-12T07:12:00	87.5642	22.0788	13	  18	-1.8139	1	33.1070	1	8.9976	1	...-1.8089	1	-1.8142	33.2659	26.6478	1	8.56	105.11	26.1442	1	-0.0647	0	97.8692	0	0.0094	0	NaN	0	NaN	0	NaN	0
PS122/3_31-39	2020-03-12T07:12:00	87.5642	22.0788	14	  18	-1.8123	1	33.1072	1	8.9965	1	...-1.8073	1	-1.8126	33.2661	26.6480	1	8.56	105.10	26.1456	1	-0.0718	0	97.8595	0	0.0096	0	NaN	0	NaN	0	NaN	0
PS122/3_31-39	2020-03-12T07:12:00	87.5642	22.0788	15	  18	-1.8120	1	33.1068	1	8.9920	1	...-1.8070	1	-1.8123	33.2657	26.6476	1	8.56	105.04	26.1456	1	-0.0792	0	97.8709	0	0.0095	0	NaN	0	NaN	0	NaN	0
PS122/3_31-39	2020-03-12T07:12:00	87.5642	22.0788	16	  10	-1.8156	1	33.1075	1	8.9919	1	...-1.8105	1	-1.8158	33.2665	26.6484	1	8.56	105.03	26.1395	1	-0.0702	0	97.8736	0	0.0094	0	NaN	0	NaN	0	NaN	0
PS122/3_31-39	2020-03-12T07:12:00	87.5642	22.0788	17	  10	-1.8152	1	33.1076	1	8.9897	1	...-1.8101	1	-1.8154	33.2666	26.6485	1	8.56	105.01	26.1399	1	-0.0712	0	97.8736	0	0.0096	0	NaN	0	NaN	0	NaN	0
PS122/3_31-39	2020-03-12T07:12:00	87.5642	22.0788	18	  10	-1.8106	1	33.1067	1	8.9873	1	...-1.8055	1	-1.8108	33.2657	26.6476	1	8.56	104.99	26.1430	1	-0.0709	0	97.8736	0	0.0095	0	NaN	0	NaN	0	NaN	0
PS122/3_31-39	2020-03-12T07:12:00	87.5642	22.0788	19	  10	-1.8063	1	33.1111	1	8.9903	1	...-1.8012	1	-1.8065	33.2701	26.6511	1	8.56	105.04	26.1496	1	-0.0718	0	97.8725	0	0.0095	0	NaN	0	NaN	0	NaN	0
PS122/3_31-39	2020-03-12T07:12:00	87.5642	22.0788	20	   2	-1.8143	1	33.1084	1	8.9941	1	...-1.8090	1	-1.8144	33.2671	26.6488	1	8.56	105.06	26.1376	1	-0.0715	0	97.8120	0	0.0095	0	NaN	0	NaN	0	NaN	0
PS122/3_31-39	2020-03-12T07:12:00	87.5642	22.0788	21	   2	-1.8112	1	33.1076	1	8.9910	1	...-1.8059	1	-1.8113	33.2663	26.6481	1	8.56	105.04	26.1395	1	-0.0718	0	97.7699	0	0.0094	0	NaN	0	NaN	0	NaN	0
PS122/3_31-39	2020-03-12T07:12:00	87.5642	22.0788	22	   2	-1.8140	1	33.1081	1	8.9846	1	...-1.8087	1	-1.8141	33.2668	26.6486	1	8.56	104.95	26.1376	1	-0.0644	0	97.7828	0	0.0095	0	NaN	0	NaN	0	NaN	0
PS122/3_31-39	2020-03-12T07:12:00	87.5642	22.0788	23	   2	-1.8138	1	33.1083	1	8.9889	1	...-1.8085	1	-1.8139	33.2670	26.6487	1	8.56	105.00	26.1379	1	-0.0666	0	97.8536	0	0.0094	0	NaN	0	NaN	0	NaN	0
PS122/3_31-39	2020-03-12T07:12:00	87.5642	22.0788	24	   2	-1.8125	1	33.1092	1	8.9884	1	...-1.8072	1	-1.8126	33.2679	26.6494	1	8.56	105.00	26.1396	1	-0.0721	0	97.8201	0	0.0094	0	NaN	0	NaN	0	NaN	0
PS122/3_31-59	2020-03-14T06:55:00	87.1478	17.4238	 1	4225	-0.6444	1	34.9373	1	6.7333	1	...-0.9217	1	-0.9248	35.1063	28.1042	1	8.19	82.23	30.1398	1	-0.1418	0	98.0302	0	0.0000	0	NaN	0	NaN	0	NaN	0
PS122/3_31-59	2020-03-14T06:55:00	87.1478	17.4238	 2	4082	-0.6596	1	34.9374	1	6.7377	1	...-0.9224	1	-0.9255	35.1064	28.1043	1	8.19	82.25	30.0780	1	-0.1498	0	98.0291	0	0.0000	0	NaN	0	NaN	0	NaN	0
PS122/3_31-59	2020-03-14T06:55:00	87.1478	17.4238	 3	3055	-0.7376	1	34.9273	1	6.7853	1	...-0.9062	1	-0.9090	35.0962	28.0954	1	8.21	82.65	29.6339	1	-0.1346	0	98.0296	0	0.0000	0	NaN	0	NaN	0	NaN	0
PS122/3_31-59	2020-03-14T06:55:00	87.1478	17.4238	 4	2032	-0.6356	1	34.9171	1	6.8221	1	...-0.7310	1	-0.7334	35.0858	28.0795	1	8.19	83.32	29.3147	1	-0.1272	0	98.0285	0	0.0000	0	NaN	0	NaN	0	NaN	0
PS122/3_31-59	2020-03-14T06:55:00	87.1478	17.4238	 5	1014	-0.1226	1	34.8985	1	7.0450	1	...-0.1649	1	-0.1666	35.0660	28.0363	1	8.08	87.22	29.3116	1	-0.1285	0	98.0469	0	0.0096	0	NaN	0	NaN	0	NaN	0
PS122/3_31-59	2020-03-14T06:55:00	87.1478	17.4238	 6	 506	0.7320	1	34.8841	1	7.0297	1	...0.7094	1	0.7087	35.0510	27.9738	1	7.90	89.01	29.8114	1	-0.1266	0	98.0491	0	0.0096	0	NaN	0	NaN	0	NaN	0
PS122/3_31-59	2020-03-14T06:55:00	87.1478	17.4238	 7	 385	1.0878	1	34.8832	1	6.9932	1	...1.0696	1	1.0693	35.0501	27.9493	1	7.82	89.37	30.0644	1	-0.1350	0	98.0302	0	0.0096	0	NaN	0	NaN	0	NaN	0
PS122/3_31-59	2020-03-14T06:55:00	87.1478	17.4238	 8	 385	1.0920	1	34.8811	1	6.9937	1	...1.0738	1	1.0735	35.0480	27.9473	1	7.82	89.39	30.0664	1	-0.1285	0	98.0226	0	0.0096	0	NaN	0	NaN	0	NaN	0
PS122/3_31-59	2020-03-14T06:55:00	87.1478	17.4238	 9	 385	1.0905	1	34.8811	1	6.9966	1	...1.0724	1	1.0720	35.0480	27.9474	1	7.82	89.42	30.0651	1	-0.1266	0	98.0270	0	0.0095	0	NaN	0	NaN	0	NaN	0
PS122/3_31-59	2020-03-14T06:55:00	87.1478	17.4238	10	 203	0.3561	1	34.6535	1	7.0140	1	...0.3501	1	0.3480	34.8191	27.8099	1	7.99	87.80	29.1736	1	-0.1217	0	98.0075	0	0.0096	0	NaN	0	NaN	0	NaN	0
PS122/3_31-59	2020-03-14T06:55:00	87.1478	17.4238	11	 152	-0.5604	1	34.4398	1	7.1846	1	...-0.5618	1	-0.5651	34.6044	27.6845	1	8.20	87.64	28.2106	1	-0.1081	0	98.0113	0	0.0095	0	NaN	0	NaN	0	NaN	0
PS122/3_31-59	2020-03-14T06:55:00	87.1478	17.4238	12	 101	-1.5030	1	34.1039	1	7.5962	1	...-1.5010	1	-1.5052	34.2671	27.4485	1	8.43	90.12	27.1537	1	-0.0954	0	97.9757	0	0.0095	0	NaN	0	NaN	0	NaN	0
PS122/3_31-59	2020-03-14T06:55:00	87.1478	17.4238	13	 101	-1.5020	1	34.1036	1	7.5884	1	...-1.5000	1	-1.5042	34.2668	27.4482	1	8.43	90.02	27.1544	1	-0.0957	0	97.9821	0	0.0095	0	NaN	0	NaN	0	NaN	0
PS122/3_31-59	2020-03-14T06:55:00	87.1478	17.4238	14	  76	-1.6923	1	33.8674	1	7.9979	1	...-1.6893	1	-1.6937	34.0302	27.2626	1	8.49	94.24	26.8157	1	-0.0909	0	97.9362	0	0.0095	0	NaN	0	NaN	0	NaN	0
PS122/3_31-59	2020-03-14T06:55:00	87.1478	17.4238	15	  51	-1.8180	1	33.1898	1	8.8180	1	...-1.8136	1	-1.8188	33.3496	26.7157	1	8.56	103.05	26.2150	1	-0.0718	0	97.8450	0	0.0095	0	NaN	0	NaN	0	NaN	0
PS122/3_31-59	2020-03-14T06:55:00	87.1478	17.4238	16	  51	-1.8149	1	33.1970	1	8.8204	1	...-1.8105	1	-1.8157	33.3568	26.7214	1	8.56	103.10	26.2227	1	-0.0715	0	97.8428	0	0.0095	0	NaN	0	NaN	0	NaN	0
PS122/3_31-59	2020-03-14T06:55:00	87.1478	17.4238	17	  20	-1.8178	1	33.1816	1	8.8305	1	...-1.8129	1	-1.8181	33.3408	26.7085	1	8.56	103.20	26.1957	1	-0.0789	0	97.8401	0	0.0095	0	NaN	0	NaN	0	NaN	0
PS122/3_31-59	2020-03-14T06:55:00	87.1478	17.4238	18	  20	-1.8173	1	33.1823	1	8.8381	1	...-1.8124	1	-1.8176	33.3415	26.7091	1	8.56	103.29	26.1966	1	-0.0696	0	97.8450	0	0.0095	0	NaN	0	NaN	0	NaN	0
PS122/3_31-59	2020-03-14T06:55:00	87.1478	17.4238	19	  20	-1.8175	1	33.1816	1	8.8339	1	...-1.8126	1	-1.8178	33.3408	26.7085	1	8.56	103.24	26.1959	1	-0.0588	0	97.8450	0	0.0095	0	NaN	0	NaN	0	NaN	0
PS122/3_31-59	2020-03-14T06:55:00	87.1478	17.4238	20	  20	-1.8184	1	33.1814	1	8.8353	1	...-1.8135	1	-1.8187	33.3406	26.7084	1	8.56	103.25	26.1951	1	-0.0637	0	97.8423	0	0.0095	0	NaN	0	NaN	0	NaN	0
PS122/3_31-59	2020-03-14T06:55:00	87.1478	17.4238	21	  11	-1.8198	1	33.1809	1	8.8462	1	...-1.8148	1	-1.8200	33.3403	26.7081	1	8.56	103.37	26.1891	1	-0.0715	0	97.8472	0	0.0095	0	NaN	0	NaN	0	NaN	0
PS122/3_31-59	2020-03-14T06:55:00	87.1478	17.4238	22	  11	-1.8186	1	33.1812	1	8.8300	1	...-1.8136	1	-1.8188	33.3406	26.7083	1	8.56	103.19	26.1903	1	-0.0676	0	97.8461	0	0.0095	0	NaN	0	NaN	0	NaN	0
PS122/3_31-59	2020-03-14T06:55:00	87.1478	17.4238	23	   2	-1.8159	1	33.1815	1	8.8299	1	...-1.8107	1	-1.8160	33.3406	26.7083	1	8.56	103.19	26.1890	1	-0.0627	0	97.8450	0	0.0094	0	NaN	0	NaN	0	NaN	0
PS122/3_31-59	2020-03-14T06:55:00	87.1478	17.4238	24	   2	-1.8161	1	33.1813	1	8.8312	1	...-1.8109	1	-1.8162	33.3404	26.7081	1	8.56	103.21	26.1887	1	-0.0718	0	97.8472	0	0.0095	0	NaN	0	NaN	0	NaN	0
PS122/3_31-63	2020-03-14T12:38:00	87.1322	17.1372	 1	 385	1.0964	1	34.8818	1	6.9823	1	...1.0782	1	1.0779	35.0487	27.9476	1	7.82	89.25	30.0708	1	-0.1197	0	98.0302	0	0.0093	0	NaN	0	NaN	0	NaN	0
PS122/3_31-63	2020-03-14T12:38:00	87.1322	17.1372	 2	 385	1.0963	1	34.8821	1	6.9829	1	...1.0781	1	1.0778	35.0490	27.9478	1	7.82	89.26	30.0710	1	-0.1369	0	98.0021	0	0.0093	0	NaN	0	NaN	0	NaN	0
PS122/3_31-63	2020-03-14T12:38:00	87.1322	17.1372	 3	 385	1.0968	1	34.8819	1	6.9875	1	...1.0786	1	1.0783	35.0488	27.9476	1	7.82	89.32	30.0713	1	-0.1369	0	97.9384	0	0.0094	0	NaN	0	NaN	0	NaN	0
PS122/3_31-63	2020-03-14T12:38:00	87.1322	17.1372	 4	 385	1.0967	1	34.8819	1	6.9832	1	...1.0785	1	1.0782	35.0488	27.9476	1	7.82	89.27	30.0712	1	-0.1266	0	97.9589	0	0.0093	0	NaN	0	NaN	0	NaN	0
PS122/3_31-63	2020-03-14T12:38:00	87.1322	17.1372	 5	 385	1.0961	1	34.8817	1	6.9791	1	...1.0779	1	1.0776	35.0486	27.9475	1	7.82	89.21	30.0705	1	-0.1337	0	97.9784	0	0.0095	0	NaN	0	NaN	0	NaN	0
PS122/3_31-63	2020-03-14T12:38:00	87.1322	17.1372	 6	 385	1.0947	1	34.8822	1	6.9822	1	...1.0765	1	1.0762	35.0491	27.9480	1	7.82	89.25	30.0697	1	-0.1240	0	98.0086	0	0.0093	0	NaN	0	NaN	0	NaN	0
PS122/3_31-63	2020-03-14T12:38:00	87.1322	17.1372	 7	 202	0.4658	1	34.6831	1	6.9806	1	...0.4594	1	0.4576	34.8489	27.8273	1	7.96	87.65	29.2899	1	-0.1233	0	98.0102	0	0.0094	0	NaN	0	NaN	0	NaN	0
PS122/3_31-63	2020-03-14T12:38:00	87.1322	17.1372	 8	 152	-0.5823	1	34.4513	1	7.1703	1	...-0.5837	1	-0.5870	34.6159	27.6948	1	8.20	87.42	28.2005	1	-0.1191	0	98.0042	0	0.0093	0	NaN	0	NaN	0	NaN	0
PS122/3_31-63	2020-03-14T12:38:00	87.1322	17.1372	 9	 101	-1.5896	1	34.0480	1	7.7540	1	...-1.5874	1	-1.5917	34.2110	27.4057	1	8.45	91.73	27.0418	1	-0.0873	0	97.9492	0	0.0094	0	NaN	0	NaN	0	NaN	0
PS122/3_31-63	2020-03-14T12:38:00	87.1322	17.1372	10	  66	-1.7236	1	33.7644	1	8.1295	1	...-1.7202	1	-1.7248	33.9268	27.1799	1	8.50	95.63	26.7112	1	-0.0873	0	97.9076	0	0.0093	0	NaN	0	NaN	0	NaN	0
PS122/3_31-63	2020-03-14T12:38:00	87.1322	17.1372	11	  51	-1.8001	1	33.2534	1	8.7399	1	...-1.7958	1	-1.8009	33.4135	26.7669	1	8.55	102.24	26.2752	1	-0.0705	0	97.8450	0	0.0092	0	NaN	0	NaN	0	NaN	0
PS122/3_31-63	2020-03-14T12:38:00	87.1322	17.1372	12	  51	-1.8048	1	33.2384	1	8.7562	1	...-1.8004	1	-1.8056	33.3984	26.7548	1	8.55	102.40	26.2607	1	-0.0712	0	97.8428	0	0.0093	0	NaN	0	NaN	0	NaN	0
PS122/3_31-63	2020-03-14T12:38:00	87.1322	17.1372	13	  21	-1.8178	1	33.1910	1	8.8416	1	...-1.8129	1	-1.8182	33.3503	26.7162	1	8.56	103.33	26.2026	1	-0.0708	0	97.8331	0	0.0093	0	NaN	0	NaN	0	NaN	0
PS122/3_31-63	2020-03-14T12:38:00	87.1322	17.1372	14	  21	-1.8184	1	33.1905	1	8.8448	1	...-1.8135	1	-1.8188	33.3498	26.7158	1	8.56	103.37	26.2018	1	-0.0705	0	97.8250	0	0.0092	0	NaN	0	NaN	0	NaN	0
PS122/3_31-63	2020-03-14T12:38:00	87.1322	17.1372	15	  21	-1.8194	1	33.1904	1	8.8386	1	...-1.8145	1	-1.8198	33.3497	26.7157	1	8.56	103.29	26.2009	1	-0.0621	0	97.8190	0	0.0092	0	NaN	0	NaN	0	NaN	0
PS122/3_31-63	2020-03-14T12:38:00	87.1322	17.1372	16	   9	-1.8208	1	33.1898	1	8.8396	1	...-1.8158	1	-1.8210	33.3492	26.7154	1	8.56	103.30	26.1942	1	-0.0718	0	97.8407	0	0.0092	0	NaN	0	NaN	0	NaN	0
PS122/3_31-63	2020-03-14T12:38:00	87.1322	17.1372	17	   2	-1.8206	1	33.1896	1	8.8375	1	...-1.8155	1	-1.8207	33.3487	26.7150	1	8.56	103.27	26.1910	1	-0.0692	0	97.8336	0	0.0092	0	NaN	0	NaN	0	NaN	0
PS122/3_31-63	2020-03-14T12:38:00	87.1322	17.1372	18	   2	-1.8204	1	33.1900	1	8.8445	1	...-1.8153	1	-1.8205	33.3491	26.7153	1	8.56	103.36	26.1915	1	-0.0670	0	97.8380	0	0.0093	0	NaN	0	NaN	0	NaN	0
PS122/3_31-63	2020-03-14T12:38:00	87.1322	17.1372	19	   2	-1.8205	1	33.1901	1	8.8357	1	...-1.8154	1	-1.8206	33.3492	26.7154	1	8.56	103.25	26.1915	1	-0.0708	0	97.8401	0	0.0092	0	NaN	0	NaN	0	NaN	0
PS122/3_31-63	2020-03-14T12:38:00	87.1322	17.1372	20	   2	-1.8198	1	33.1893	1	8.8442	1	...-1.8147	1	-1.8199	33.3484	26.7147	1	8.56	103.35	26.1915	1	-0.0689	0	97.8412	0	0.0093	0	NaN	0	NaN	0	NaN	0
PS122/3_31-63	2020-03-14T12:38:00	87.1322	17.1372	21	   2	-1.8211	1	33.1902	1	8.8466	1	...-1.8160	1	-1.8212	33.3493	26.7155	1	8.56	103.38	26.1911	1	-0.0631	0	97.8293	0	0.0092	0	NaN	0	NaN	0	NaN	0
PS122/3_31-63	2020-03-14T12:38:00	87.1322	17.1372	22	   2	-1.8195	1	33.1889	1	8.8438	1	...-1.8144	1	-1.8196	33.3480	26.7144	1	8.56	103.35	26.1914	1	-0.0708	0	97.8428	0	0.0092	0	NaN	0	NaN	0	NaN	0
PS122/3_31-63	2020-03-14T12:38:00	87.1322	17.1372	23	   2	-1.8208	1	33.1908	1	8.8472	1	...-1.8157	1	-1.8209	33.3499	26.7159	1	8.56	103.39	26.1917	1	-0.0644	0	97.8380	0	0.0091	0	NaN	0	NaN	0	NaN	0
PS122/3_31-63	2020-03-14T12:38:00	87.1322	17.1372	24	   2	-1.8191	1	33.1893	1	8.8440	1	...-1.8140	1	-1.8192	33.3484	26.7147	1	8.56	103.35	26.1920	1	-0.0663	0	97.8266	0	0.0092	0	NaN	0	NaN	0	NaN	0
PS122/3_40-36	2020-05-16T12:43:00	83.3913	9.1110	 1	4103	-0.6502	1	34.9346	1	6.7247	1	...-0.9153	1	-0.9184	35.1036	28.1017	1	8.19	82.11	30.0909	1	-0.0480	0	98.1079	0	0.0000	0	NaN	0	NaN	0	NaN	0
PS122/3_40-36	2020-05-16T12:43:00	83.3913	9.1110	 2	4082	-0.6524	1	34.9346	1	6.7223	1	...-0.9154	1	-0.9185	35.1036	28.1018	1	8.19	82.08	30.0820	1	-0.0505	0	98.1047	0	0.0000	0	NaN	0	NaN	0	NaN	0
PS122/3_40-36	2020-05-16T12:43:00	83.3913	9.1110	 3	3055	-0.7448	1	34.9287	1	6.7868	1	...-0.9132	1	-0.9160	35.0976	28.0968	1	8.21	82.66	29.6288	1	-0.0505	0	98.1052	0	0.0000	0	NaN	0	NaN	0	NaN	0
PS122/3_40-36	2020-05-16T12:43:00	83.3913	9.1110	 4	2032	-0.7248	1	34.9153	1	6.8389	1	...-0.8186	1	-0.8211	35.0839	28.0818	1	8.21	83.33	29.2372	1	-0.0505	0	98.1030	0	0.0000	0	NaN	0	NaN	0	NaN	0
PS122/3_40-36	2020-05-16T12:43:00	83.3913	9.1110	 5	1014	-0.1831	1	34.8977	1	7.0023	1	...-0.2248	1	-0.2265	35.0653	28.0388	1	8.09	86.56	29.2590	1	-0.0505	0	98.0971	0	0.0000	0	NaN	0	NaN	0	NaN	0
PS122/3_40-36	2020-05-16T12:43:00	83.3913	9.1110	 6	 709	0.4154	1	34.8959	1	7.0206	1	...0.3844	1	0.3833	35.0631	28.0034	1	7.96	88.17	29.6380	1	-0.0505	0	98.0788	0	0.0000	0	NaN	0	NaN	0	NaN	0
PS122/3_40-36	2020-05-16T12:43:00	83.3913	9.1110	 7	 506	1.1293	1	34.9083	1	6.9715	1	...1.1044	1	1.1042	35.0753	27.9671	1	7.81	89.21	30.1749	1	-0.0505	0	98.0712	0	0.0096	0	NaN	0	NaN	0	NaN	0
PS122/3_40-36	2020-05-16T12:43:00	83.3913	9.1110	 8	 375	1.4902	1	34.9023	1	6.9181	1	...1.4708	1	1.4709	35.0692	27.9361	1	7.74	89.35	30.4251	1	-0.0505	0	98.0528	0	0.0095	0	NaN	0	NaN	0	NaN	0
PS122/3_40-36	2020-05-16T12:43:00	83.3913	9.1110	 9	 375	1.4889	1	34.9029	1	6.9166	1	...1.4695	1	1.4696	35.0698	27.9367	1	7.74	89.33	30.4245	1	-0.0505	0	98.0507	0	0.0096	0	NaN	0	NaN	0	NaN	0
PS122/3_40-36	2020-05-16T12:43:00	83.3913	9.1110	10	 294	1.5848	1	34.8864	1	6.9245	1	...1.5695	1	1.5697	35.0531	27.9160	1	7.72	89.64	30.4582	1	-0.0505	0	98.0566	0	0.0096	0	NaN	0	NaN	0	NaN	0
PS122/3_40-36	2020-05-16T12:43:00	83.3913	9.1110	11	 213	1.4293	1	34.8436	1	6.9450	1	...1.4190	1	1.4188	35.0100	27.8927	1	7.76	89.52	30.2519	1	-0.0374	0	98.0415	0	0.0095	0	NaN	0	NaN	0	NaN	0
PS122/3_40-36	2020-05-16T12:43:00	83.3913	9.1110	12	 213	1.4447	1	34.8389	1	6.9347	1	...1.4344	1	1.4342	35.0053	27.8878	1	7.75	89.42	30.2617	1	-0.0505	0	98.0431	0	0.0096	0	NaN	0	NaN	0	NaN	0
PS122/3_40-36	2020-05-16T12:43:00	83.3913	9.1110	13	 112	-1.6227	1	34.3234	1	8.0120	1	...-1.6212	1	-1.6250	34.4875	27.6301	1	8.44	94.88	27.2175	1	-0.0163	0	98.0064	0	0.0096	0	NaN	0	NaN	0	NaN	0
PS122/3_40-36	2020-05-16T12:43:00	83.3913	9.1110	14	 112	-1.6647	1	34.3194	1	8.0507	1	...-1.6632	1	-1.6670	34.4835	27.6281	1	8.45	95.23	27.1798	1	-0.0169	0	97.9962	0	0.0096	0	NaN	0	NaN	0	NaN	0
PS122/3_40-36	2020-05-16T12:43:00	83.3913	9.1110	15	  51	-1.8630	1	34.2857	1	8.2297	1	...-1.8601	1	-1.8639	34.4501	27.6066	1	8.50	96.79	26.9631	1	-0.0038	0	97.9773	0	0.0096	0	NaN	0	NaN	0	NaN	0
PS122/3_40-36	2020-05-16T12:43:00	83.3913	9.1110	16	  51	-1.8643	1	34.2858	1	8.2235	1	...-1.8614	1	-1.8652	34.4502	27.6067	1	8.50	96.72	26.9621	1	0.0105	0	97.9848	0	0.0096	0	NaN	0	NaN	0	NaN	0
PS122/3_40-36	2020-05-16T12:43:00	83.3913	9.1110	17	  51	-1.8643	1	34.2855	1	8.2284	1	...-1.8614	1	-1.8652	34.4499	27.6065	1	8.50	96.77	26.9619	1	0.0105	0	97.9935	0	0.0095	0	NaN	0	NaN	0	NaN	0
PS122/3_40-36	2020-05-16T12:43:00	83.3913	9.1110	18	  20	-1.8651	1	34.2849	1	8.2310	1	...-1.8617	1	-1.8655	34.4487	27.6055	1	8.50	96.80	26.9467	1	-0.0044	0	97.9643	0	0.0096	0	NaN	0	NaN	0	NaN	0
PS122/3_40-36	2020-05-16T12:43:00	83.3913	9.1110	19	  20	-1.8652	1	34.2849	1	8.2283	1	...-1.8618	1	-1.8656	34.4487	27.6056	1	8.50	96.77	26.9466	1	-0.0200	0	97.9757	0	0.0095	0	NaN	0	NaN	0	NaN	0
PS122/3_40-36	2020-05-16T12:43:00	83.3913	9.1110	20	  20	-1.8652	1	34.2850	1	8.2351	1	...-1.8618	1	-1.8656	34.4488	27.6056	1	8.50	96.85	26.9467	1	-0.0181	0	97.9816	0	0.0095	0	NaN	0	NaN	0	NaN	0
PS122/3_40-36	2020-05-16T12:43:00	83.3913	9.1110	21	   5	-1.8586	1	34.2851	1	8.2344	1	...-1.8549	1	-1.8587	34.4491	27.6057	1	8.50	96.86	26.9453	1	-0.0169	0	97.9892	0	0.0095	0	NaN	0	NaN	0	NaN	0
PS122/3_40-36	2020-05-16T12:43:00	83.3913	9.1110	22	   5	-1.8589	1	34.2852	1	8.2250	1	...-1.8552	1	-1.8590	34.4492	27.6057	1	8.50	96.75	26.9451	1	-0.0188	0	97.9956	0	0.0095	0	NaN	0	NaN	0	NaN	0
PS122/3_40-36	2020-05-16T12:43:00	83.3913	9.1110	23	   5	-1.8574	1	34.2851	1	8.2315	1	...-1.8537	1	-1.8575	34.4491	27.6056	1	8.50	96.83	26.9463	1	-0.0194	0	97.9837	0	0.0095	0	NaN	0	NaN	0	NaN	0
PS122/3_40-36	2020-05-16T12:43:00	83.3913	9.1110	24	   5	-1.8567	1	34.2850	1	8.2310	1	...-1.8530	1	-1.8568	34.4490	27.6055	1	8.50	96.82	26.9468	1	-0.0181	0	97.9843	0	0.0095	0	NaN	0	NaN	0	NaN	0
PS122/3_42-32	2020-05-30T09:04:00	81.9437	9.3915	 1	 812	-0.3101	1	34.9082	1	6.9854	1	...-0.3408	1	-0.3425	35.0756	28.0530	1	8.12	86.06	29.0699	1	-0.0530	0	97.3061	0	0.0097	0	NaN	0	NaN	0	NaN	0
PS122/3_42-32	2020-05-30T09:04:00	81.9437	9.3915	 2	 709	-0.0501	1	34.9089	1	7.0251	1	...-0.0780	1	-0.0794	35.0762	28.0399	1	8.06	87.15	29.2476	1	-0.0841	0	97.6290	0	0.0096	0	NaN	0	NaN	0	NaN	0
PS122/3_42-32	2020-05-30T09:04:00	81.9437	9.3915	 3	 709	-0.0498	1	34.9086	1	7.0190	1	...-0.0777	1	-0.0791	35.0759	28.0397	1	8.06	87.08	29.2477	1	-0.0879	0	97.6068	0	0.0098	0	NaN	0	NaN	0	NaN	0
PS122/3_42-32	2020-05-30T09:04:00	81.9437	9.3915	 4	 608	0.2250	1	34.9080	1	7.0302	1	...0.2002	1	0.1990	35.0751	28.0238	1	8.00	87.85	29.4380	1	-0.0991	0	97.6803	0	0.0097	0	NaN	0	NaN	0	NaN	0
PS122/3_42-32	2020-05-30T09:04:00	81.9437	9.3915	 5	 506	0.8164	1	34.9055	1	7.0055	1	...0.7932	1	0.7927	35.0725	27.9856	1	7.88	88.91	29.9010	1	-0.1010	0	97.8326	0	0.0096	0	NaN	0	NaN	0	NaN	0
PS122/3_42-32	2020-05-30T09:04:00	81.9437	9.3915	 6	 404	1.2462	1	34.8961	1	6.9623	1	...1.2263	1	1.2262	35.0629	27.9487	1	7.79	89.35	30.2210	1	-0.1010	0	97.9049	0	0.0096	0	NaN	0	NaN	0	NaN	0
PS122/3_42-32	2020-05-30T09:04:00	81.9437	9.3915	 7	 303	1.5160	1	34.8888	1	6.9702	1	...1.5005	1	1.5006	35.0555	27.9230	1	7.74	90.08	30.4040	1	-0.1085	0	97.8833	0	0.0095	0	NaN	0	NaN	0	NaN	0
PS122/3_42-32	2020-05-30T09:04:00	81.9437	9.3915	 8	 212	2.0153	1	34.8762	1	7.0790	1	...2.0032	1	2.0037	35.0427	27.8741	1	7.64	92.65	30.7895	1	-0.1103	0	97.7947	0	0.0095	0	NaN	0	NaN	0	NaN	0
PS122/3_42-32	2020-05-30T09:04:00	81.9437	9.3915	 9	 151	1.5122	1	34.7430	1	7.1698	1	...1.5055	1	1.5047	34.9088	27.8056	1	7.75	92.56	30.2169	1	-0.1085	0	97.8120	0	0.0095	0	NaN	0	NaN	0	NaN	0
PS122/3_42-32	2020-05-30T09:04:00	81.9437	9.3915	10	 101	0.2111	1	34.5038	1	7.4008	1	...0.2101	1	0.2073	34.6686	27.6971	1	8.03	92.19	28.8891	1	-0.0854	0	97.8504	0	0.0095	0	NaN	0	NaN	0	NaN	0
PS122/3_42-32	2020-05-30T09:04:00	81.9437	9.3915	11	  80	-0.9816	1	34.2586	1	7.6429	1	...-0.9798	1	-0.9837	34.4224	27.5555	1	8.30	92.06	27.6903	1	-0.0318	0	97.8979	0	0.0097	0	NaN	0	NaN	0	NaN	0
PS122/3_42-32	2020-05-30T09:04:00	81.9437	9.3915	12	  60	-1.6683	1	34.1113	1	7.8098	1	...-1.6654	1	-1.6695	34.2743	27.4592	1	8.47	92.24	27.0033	1	0.0105	0	97.8785	0	0.0096	0	NaN	0	NaN	0	NaN	0
PS122/3_42-32	2020-05-30T09:04:00	81.9437	9.3915	13	  50	-1.7287	1	34.1041	1	7.8118	1	...-1.7256	1	-1.7297	34.2671	27.4550	1	8.48	92.10	26.9440	1	0.0105	0	97.9022	0	0.0095	0	NaN	0	NaN	0	NaN	0
PS122/3_42-32	2020-05-30T09:04:00	81.9437	9.3915	14	  30	-1.7828	1	34.0833	1	7.8206	1	...-1.7793	1	-1.7834	34.2460	27.4394	1	8.50	92.05	26.8749	1	0.1009	0	97.7273	0	0.0096	0	NaN	0	NaN	0	NaN	0
PS122/3_42-32	2020-05-30T09:04:00	81.9437	9.3915	15	  25	-1.7895	1	34.0793	1	7.8262	1	...-1.7859	1	-1.7900	34.2419	27.4363	1	8.50	92.10	26.8644	1	0.1021	0	97.6959	0	0.0095	0	NaN	0	NaN	0	NaN	0
PS122/3_42-32	2020-05-30T09:04:00	81.9437	9.3915	16	  20	-1.7947	1	34.0768	1	7.8225	1	...-1.7910	1	-1.7951	34.2393	27.4343	1	8.50	92.04	26.8562	1	0.1326	0	97.6295	0	0.0095	0	NaN	0	NaN	0	NaN	0
PS122/3_42-32	2020-05-30T09:04:00	81.9437	9.3915	17	  10	-1.7972	1	34.0748	1	7.8242	1	...-1.7933	1	-1.7974	34.2376	27.4330	1	8.50	92.05	26.8478	1	0.1009	0	97.6198	0	0.0095	0	NaN	0	NaN	0	NaN	0
PS122/3_42-32	2020-05-30T09:04:00	81.9437	9.3915	18	   2	-1.8021	1	34.0698	1	7.8287	1	...-1.7981	1	-1.8022	34.2324	27.4290	1	8.50	92.09	26.8366	1	0.0847	0	97.4486	0	0.0094	0	NaN	0	NaN	0	NaN	0
