Event Label	Date/Time	Lat	Lon	Bottle Nr.	Pressure [dbar]	in-situ temperature ITS-90 [°C]	Quality flag	practical Salinity PSU78 [ ]	Quality flag	Oxygen [ml/l]	Quality flag	conservative Temp ITS-90 [°C]	Quality flag	potential Temp. ref. pres. 0 dbar [°C]	absolute Salinity [g/kg]	potential density anomaly ref. pres. 0 dbar [kg/m^3]	Quality flag	oxygen satuaration [ml/l]	oxygen saturation [%]	conductivity [mS/cm]	Quality flag	fluorescence chl-a uncalibrated [mg/m^3]	Quality flag	beam transmission uncalibrated [%]	Quality flag	PAR/Irradiance [unknown]	Quality flag	SPAR/Surface Irradiance [unknown]	Quality flag	fluorescence cdom uncalibrated [mg/m^3]	Quality flag	rhodamine [ppb]	Quality flag
PS121/1_2-68	2019-10-04T08:25:00	85.1282	132.5512	 1	 912	0.1703	1	34.8949	1	7.3368	1	...0.1307	1	0.1293	35.0622	28.0173	1	8.01	91.54	29.5158	1	-0.1126	0	98.6960	0	0.0000	0	NaN	0	NaN	0	NaN	0
PS121/1_2-68	2019-10-04T08:25:00	85.1282	132.5512	 2	 912	0.1704	1	34.8950	1	7.3461	1	...0.1308	1	0.1294	35.0623	28.0174	1	8.01	91.66	29.5160	1	-0.0621	0	98.6679	0	0.0000	0	NaN	0	NaN	0	NaN	0
PS121/1_2-68	2019-10-04T08:25:00	85.1282	132.5512	 3	 760	0.4277	1	34.8920	1	7.3653	1	...0.3940	1	0.3929	35.0591	27.9996	1	7.96	92.52	29.6681	1	-0.0983	0	98.6517	0	0.0000	0	NaN	0	NaN	0	NaN	0
PS121/1_2-68	2019-10-04T08:25:00	85.1282	132.5512	 4	 506	0.9035	1	34.8806	1	7.4042	1	...0.8800	1	0.8794	35.0475	27.9599	1	7.86	94.17	29.9574	1	-0.0921	0	98.7235	0	0.0100	0	NaN	0	NaN	0	NaN	0
PS121/1_2-68	2019-10-04T08:25:00	85.1282	132.5512	 5	 405	1.2736	1	34.8902	1	7.3626	1	...1.2536	1	1.2534	35.0571	27.9421	1	7.79	94.55	30.2404	1	-0.0877	0	98.6955	0	0.0100	0	NaN	0	NaN	0	NaN	0
PS121/1_2-68	2019-10-04T08:25:00	85.1282	132.5512	 6	 304	1.5396	1	34.8850	1	7.3308	1	...1.5240	1	1.5241	35.0517	27.9183	1	7.73	94.79	30.4221	1	-0.0915	0	98.6912	0	0.0100	0	NaN	0	NaN	0	NaN	0
PS121/1_2-68	2019-10-04T08:25:00	85.1282	132.5512	 7	 272	1.3641	1	34.8502	1	7.3235	1	...1.3509	1	1.3507	35.0167	27.9030	1	7.77	94.25	30.2275	1	-0.0865	0	98.6917	0	0.0099	0	NaN	0	NaN	0	NaN	0
PS121/1_2-68	2019-10-04T08:25:00	85.1282	132.5512	 8	 233	1.5486	1	34.8621	1	7.3375	1	...1.5368	1	1.5368	35.0287	27.8989	1	7.73	94.89	30.3797	1	-0.0927	0	98.6576	0	0.0100	0	NaN	0	NaN	0	NaN	0
PS121/1_2-68	2019-10-04T08:25:00	85.1282	132.5512	 9	 203	1.4132	1	34.8314	1	7.3775	1	...1.4035	1	1.4032	34.9978	27.8841	1	7.76	95.05	30.2237	1	-0.0884	0	98.6425	0	0.0099	0	NaN	0	NaN	0	NaN	0
PS121/1_2-68	2019-10-04T08:25:00	85.1282	132.5512	10	 203	1.4117	1	34.8299	1	7.3787	1	...1.4021	1	1.4017	34.9963	27.8830	1	7.76	95.06	30.2212	1	-0.0890	0	98.6392	0	0.0099	0	NaN	0	NaN	0	NaN	0
PS121/1_2-68	2019-10-04T08:25:00	85.1282	132.5512	11	 177	1.4905	1	34.8295	1	7.4014	1	...1.4820	1	1.4817	34.9959	27.8768	1	7.75	95.55	30.2777	1	-0.0696	0	98.6333	0	0.0099	0	NaN	0	NaN	0	NaN	0
PS121/1_2-68	2019-10-04T08:25:00	85.1282	132.5512	12	 153	1.3290	1	34.8017	1	7.4213	1	...1.3222	1	1.3217	34.9679	27.8660	1	7.78	95.39	30.1042	1	-0.0896	0	98.6042	0	0.0099	0	NaN	0	NaN	0	NaN	0
PS121/1_2-68	2019-10-04T08:25:00	85.1282	132.5512	13	 153	1.3289	1	34.8019	1	7.4276	1	...1.3221	1	1.3216	34.9681	27.8662	1	7.78	95.47	30.1043	1	-0.0896	0	98.6047	0	0.0098	0	NaN	0	NaN	0	NaN	0
PS121/1_2-68	2019-10-04T08:25:00	85.1282	132.5512	14	 127	0.4278	1	34.6420	1	7.5956	1	...0.4248	1	0.4228	34.8075	27.7961	1	7.97	95.25	29.1912	1	-0.0927	0	98.5464	0	0.0099	0	NaN	0	NaN	0	NaN	0
PS121/1_2-68	2019-10-04T08:25:00	85.1282	132.5512	15	 102	-0.8282	1	34.4686	1	8.0776	1	...-0.8278	1	-0.8311	34.6334	27.7194	1	8.26	97.85	27.9830	1	-0.0884	0	98.5702	0	0.0099	0	NaN	0	NaN	0	NaN	0
PS121/1_2-68	2019-10-04T08:25:00	85.1282	132.5512	16	 102	-0.8164	1	34.4700	1	8.0701	1	...-0.8160	1	-0.8193	34.6348	27.7200	1	8.25	97.79	27.9940	1	-0.0902	0	98.5761	0	0.0100	0	NaN	0	NaN	0	NaN	0
PS121/1_2-68	2019-10-04T08:25:00	85.1282	132.5512	17	  76	-1.3057	1	34.3729	1	8.1468	1	...-1.3038	1	-1.3075	34.5375	27.6602	1	8.37	97.35	27.5008	1	-0.0890	0	98.4784	0	0.0100	0	NaN	0	NaN	0	NaN	0
PS121/1_2-68	2019-10-04T08:25:00	85.1282	132.5512	18	  51	-1.7371	1	34.2433	1	8.4769	1	...-1.7342	1	-1.7381	34.4076	27.5688	1	8.48	100.02	27.0373	1	-0.0416	0	98.3255	0	0.0099	0	NaN	0	NaN	0	NaN	0
PS121/1_2-68	2019-10-04T08:25:00	85.1282	132.5512	19	  51	-1.7440	1	34.2397	1	8.4774	1	...-1.7411	1	-1.7450	34.4040	27.5661	1	8.48	100.00	27.0290	1	-0.0459	0	98.3304	0	0.0099	0	NaN	0	NaN	0	NaN	0
PS121/1_2-68	2019-10-04T08:25:00	85.1282	132.5512	20	  31	-1.7406	1	33.9861	1	8.5659	1	...-1.7369	1	-1.7412	34.1492	27.3600	1	8.49	100.88	26.8407	1	-0.0098	0	98.1576	0	0.0099	0	NaN	0	NaN	0	NaN	0
PS121/1_2-68	2019-10-04T08:25:00	85.1282	132.5512	21	  21	-1.7334	1	32.5970	1	9.0818	1	...-1.7277	1	-1.7337	32.7527	26.2312	1	8.57	105.95	25.8427	1	0.0344	0	97.9006	0	0.0098	0	NaN	0	NaN	0	NaN	0
PS121/1_2-68	2019-10-04T08:25:00	85.1282	132.5512	22	  11	-1.7492	1	32.2623	1	9.1707	1	...-1.7430	1	-1.7494	32.4168	25.9600	1	8.60	106.69	25.5843	1	0.0306	0	97.3908	0	0.0098	0	NaN	0	NaN	0	NaN	0
PS121/1_2-68	2019-10-04T08:25:00	85.1282	132.5512	23	   2	-1.7481	1	32.2211	1	9.1983	1	...-1.7417	1	-1.7482	32.3751	25.9263	1	8.60	106.99	25.5514	1	0.0157	0	97.4178	0	0.0097	0	NaN	0	NaN	0	NaN	0
PS121/1_2-68	2019-10-04T08:25:00	85.1282	132.5512	24	   2	-1.7454	1	32.2216	1	9.1843	1	...-1.7390	1	-1.7455	32.3756	25.9267	1	8.60	106.83	25.5539	1	0.0070	0	97.3649	0	0.0097	0	NaN	0	NaN	0	NaN	0
PS122/1_6-58	2019-11-08T01:24:00	85.9120	116.2910	 1	1014	-0.1187	1	34.8994	1	7.3689	1	...-0.1611	1	-0.1627	35.0669	28.0368	1	8.08	91.24	29.3154	1	-0.1014	0	98.8072	0	0.0000	0	NaN	0	NaN	0	NaN	0
PS122/1_6-58	2019-11-08T01:24:00	85.9120	116.2910	 2	1014	-0.1175	1	34.8997	1	7.3680	1	...-0.1599	1	-0.1615	35.0672	28.0370	1	8.08	91.24	29.3167	1	-0.0983	0	98.7532	0	0.0000	0	NaN	0	NaN	0	NaN	0
PS122/1_6-58	2019-11-08T01:24:00	85.9120	116.2910	 3	 506	0.8507	1	34.9003	1	7.3524	1	...0.8274	1	0.8269	35.0672	27.9792	1	7.87	93.40	29.9268	1	-0.0790	0	98.7532	0	0.0100	0	NaN	0	NaN	0	NaN	0
PS122/1_6-58	2019-11-08T01:24:00	85.9120	116.2910	 4	 506	0.8543	1	34.8966	1	7.3482	1	...0.8310	1	0.8304	35.0635	27.9760	1	7.87	93.35	29.9271	1	-0.0933	0	98.7111	0	0.0099	0	NaN	0	NaN	0	NaN	0
PS122/1_6-58	2019-11-08T01:24:00	85.9120	116.2910	 5	 303	1.1993	1	34.8661	1	7.2473	1	...1.1850	1	1.1847	35.0327	27.9275	1	7.80	92.88	30.1109	1	-0.0908	0	98.7656	0	0.0100	0	NaN	0	NaN	0	NaN	0
PS122/1_6-58	2019-11-08T01:24:00	85.9120	116.2910	 6	 303	1.1952	1	34.8666	1	7.2446	1	...1.1809	1	1.1806	35.0332	27.9281	1	7.80	92.83	30.1077	1	-0.0915	0	98.7451	0	0.0099	0	NaN	0	NaN	0	NaN	0
PS122/1_6-58	2019-11-08T01:24:00	85.9120	116.2910	 7	 202	1.1521	1	34.8325	1	7.2386	1	...1.1431	1	1.1426	34.9989	27.9033	1	7.81	92.63	29.9974	1	-0.0884	0	98.7392	0	0.0099	0	NaN	0	NaN	0	NaN	0
PS122/1_6-58	2019-11-08T01:24:00	85.9120	116.2910	 8	 202	1.1523	1	34.8326	1	7.2373	1	...1.1433	1	1.1428	34.9990	27.9034	1	7.81	92.62	29.9977	1	-0.0902	0	98.7419	0	0.0099	0	NaN	0	NaN	0	NaN	0
PS122/1_6-58	2019-11-08T01:24:00	85.9120	116.2910	 9	 101	-0.9109	1	34.4192	1	7.8675	1	...-0.9102	1	-0.9137	34.5835	27.6825	1	8.28	95.06	27.8770	1	-0.0971	0	98.6609	0	0.0101	0	NaN	0	NaN	0	NaN	0
PS122/1_6-58	2019-11-08T01:24:00	85.9120	116.2910	10	 101	-0.9475	1	34.4377	1	7.8635	1	...-0.9468	1	-0.9502	34.6021	27.6990	1	8.28	94.93	27.8598	1	-0.0946	0	98.6576	0	0.0100	0	NaN	0	NaN	0	NaN	0
PS122/1_6-58	2019-11-08T01:24:00	85.9120	116.2910	11	 101	-0.9380	1	34.4380	1	7.8644	1	...-0.9373	1	-0.9407	34.6024	27.6988	1	8.28	94.96	27.8680	1	-0.0915	0	98.6571	0	0.0100	0	NaN	0	NaN	0	NaN	0
PS122/1_6-58	2019-11-08T01:24:00	85.9120	116.2910	12	  76	-1.6188	1	34.2800	1	8.2458	1	...-1.6165	1	-1.6204	34.4438	27.5946	1	8.45	97.63	27.1731	1	-0.0609	0	98.5680	0	0.0100	0	NaN	0	NaN	0	NaN	0
PS122/1_6-58	2019-11-08T01:24:00	85.9120	116.2910	13	  51	-1.7407	1	34.0104	1	8.6605	1	...-1.7374	1	-1.7417	34.1733	27.3795	1	8.49	102.01	26.8671	1	-0.0534	0	98.4567	0	0.0099	0	NaN	0	NaN	0	NaN	0
PS122/1_6-58	2019-11-08T01:24:00	85.9120	116.2910	14	  51	-1.7394	1	34.0110	1	8.6795	1	...-1.7361	1	-1.7404	34.1739	27.3800	1	8.49	102.24	26.8686	1	-0.0534	0	98.4497	0	0.0100	0	NaN	0	NaN	0	NaN	0
PS122/1_6-58	2019-11-08T01:24:00	85.9120	116.2910	15	  20	-1.7911	1	32.6890	1	9.1969	1	...-1.7856	1	-1.7914	32.8450	26.3071	1	8.58	107.19	25.8630	1	-0.0534	0	98.0982	0	0.0099	0	NaN	0	NaN	0	NaN	0
PS122/1_6-58	2019-11-08T01:24:00	85.9120	116.2910	16	  20	-1.7910	1	32.6899	1	9.1920	1	...-1.7855	1	-1.7913	32.8459	26.3078	1	8.58	107.13	25.8637	1	-0.0534	0	98.1063	0	0.0099	0	NaN	0	NaN	0	NaN	0
PS122/1_6-58	2019-11-08T01:24:00	85.9120	116.2910	17	  20	-1.7917	1	32.6840	1	9.1938	1	...-1.7862	1	-1.7920	32.8400	26.3031	1	8.58	107.15	25.8589	1	-0.0534	0	98.1020	0	0.0099	0	NaN	0	NaN	0	NaN	0
PS122/1_6-58	2019-11-08T01:24:00	85.9120	116.2910	18	  20	-1.7912	1	32.6834	1	9.1900	1	...-1.7857	1	-1.7915	32.8394	26.3026	1	8.58	107.10	25.8589	1	-0.0534	0	98.1003	0	0.0099	0	NaN	0	NaN	0	NaN	0
PS122/1_6-58	2019-11-08T01:24:00	85.9120	116.2910	19	  10	-1.7913	1	32.6688	1	9.1993	1	...-1.7856	1	-1.7915	32.8250	26.2909	1	8.58	107.20	25.8437	1	-0.0534	0	98.0771	0	0.0099	0	NaN	0	NaN	0	NaN	0
PS122/1_6-58	2019-11-08T01:24:00	85.9120	116.2910	20	  10	-1.7916	1	32.6694	1	9.2002	1	...-1.7859	1	-1.7918	32.8256	26.2914	1	8.58	107.21	25.8439	1	-0.0534	0	98.0939	0	0.0099	0	NaN	0	NaN	0	NaN	0
PS122/1_6-58	2019-11-08T01:24:00	85.9120	116.2910	21	   2	-1.7732	1	32.6488	1	9.1940	1	...-1.7673	1	-1.7733	32.8045	26.2740	1	8.58	107.18	25.8401	1	-0.0534	0	98.0782	0	0.0099	0	NaN	0	NaN	0	NaN	0
PS122/1_6-58	2019-11-08T01:24:00	85.9120	116.2910	22	   2	-1.7752	1	32.6504	1	9.2008	1	...-1.7693	1	-1.7753	32.8061	26.2753	1	8.58	107.25	25.8397	1	-0.0534	0	98.0955	0	0.0098	0	NaN	0	NaN	0	NaN	0
PS122/1_6-58	2019-11-08T01:24:00	85.9120	116.2910	23	   2	-1.7750	1	32.6504	1	9.1989	1	...-1.7691	1	-1.7751	32.8061	26.2753	1	8.58	107.23	25.8398	1	-0.0534	0	98.1079	0	0.0098	0	NaN	0	NaN	0	NaN	0
PS122/1_6-58	2019-11-08T01:24:00	85.9120	116.2910	24	   2	-1.7726	1	32.6488	1	9.1998	1	...-1.7667	1	-1.7727	32.8045	26.2740	1	8.58	107.25	25.8406	1	-0.0534	0	98.1003	0	0.0098	0	NaN	0	NaN	0	NaN	0
PS122/1_6-79	2019-11-09T01:23:00	85.8625	115.7703	 1	 506	0.8286	1	34.8952	1	6.9778	1	...0.8054	1	0.8048	35.0621	27.9765	1	7.88	88.58	29.9038	1	-0.1414	0	98.6852	0	0.0095	0	NaN	0	NaN	0	NaN	0
PS122/1_6-79	2019-11-09T01:23:00	85.8625	115.7703	 2	 506	0.8257	1	34.8966	1	6.9792	1	...0.8025	1	0.8019	35.0635	27.9778	1	7.88	88.60	29.9024	1	-0.1246	0	98.6722	0	0.0094	0	NaN	0	NaN	0	NaN	0
PS122/1_6-79	2019-11-09T01:23:00	85.8625	115.7703	 3	 324	1.3752	1	34.9021	1	6.9418	1	...1.3590	1	1.3590	35.0689	27.9440	1	7.77	89.39	30.3013	1	-0.1330	0	98.6544	0	0.0097	0	NaN	0	NaN	0	NaN	0
PS122/1_6-79	2019-11-09T01:23:00	85.8625	115.7703	 4	 324	1.3743	1	34.9016	1	6.9477	1	...1.3581	1	1.3581	35.0684	27.9437	1	7.77	89.47	30.3001	1	-0.1288	0	98.6971	0	0.0096	0	NaN	0	NaN	0	NaN	0
PS122/1_6-79	2019-11-09T01:23:00	85.8625	115.7703	 5	 324	1.3724	1	34.9022	1	6.9485	1	...1.3562	1	1.3562	35.0690	27.9443	1	7.77	89.47	30.2989	1	-0.1272	0	98.7041	0	0.0095	0	NaN	0	NaN	0	NaN	0
PS122/1_6-79	2019-11-09T01:23:00	85.8625	115.7703	 6	 324	1.3717	1	34.9019	1	6.9415	1	...1.3555	1	1.3555	35.0687	27.9441	1	7.77	89.38	30.2981	1	-0.1285	0	98.7122	0	0.0095	0	NaN	0	NaN	0	NaN	0
PS122/1_6-79	2019-11-09T01:23:00	85.8625	115.7703	 7	 324	1.3718	1	34.9018	1	6.9442	1	...1.3556	1	1.3556	35.0686	27.9440	1	7.77	89.41	30.2981	1	-0.1321	0	98.7192	0	0.0096	0	NaN	0	NaN	0	NaN	0
PS122/1_6-79	2019-11-09T01:23:00	85.8625	115.7703	 8	 324	1.3722	1	34.9016	1	6.9503	1	...1.3560	1	1.3560	35.0684	27.9438	1	7.77	89.49	30.2983	1	-0.1353	0	98.7079	0	0.0097	0	NaN	0	NaN	0	NaN	0
PS122/1_6-79	2019-11-09T01:23:00	85.8625	115.7703	 9	 324	1.3724	1	34.9018	1	6.9439	1	...1.3562	1	1.3562	35.0686	27.9440	1	7.77	89.41	30.2986	1	-0.1282	0	98.7089	0	0.0095	0	NaN	0	NaN	0	NaN	0
PS122/1_6-79	2019-11-09T01:23:00	85.8625	115.7703	10	 324	1.3731	1	34.9017	1	6.9503	1	...1.3569	1	1.3569	35.0685	27.9439	1	7.77	89.50	30.2992	1	-0.1356	0	98.7089	0	0.0097	0	NaN	0	NaN	0	NaN	0
PS122/1_6-79	2019-11-09T01:23:00	85.8625	115.7703	11	 324	1.3729	1	34.9020	1	6.9499	1	...1.3567	1	1.3567	35.0688	27.9441	1	7.77	89.49	30.2992	1	-0.1295	0	98.7073	0	0.0096	0	NaN	0	NaN	0	NaN	0
PS122/1_6-79	2019-11-09T01:23:00	85.8625	115.7703	12	 324	1.3736	1	34.9018	1	6.9480	1	...1.3574	1	1.3574	35.0686	27.9439	1	7.77	89.47	30.2997	1	-0.1298	0	98.7095	0	0.0096	0	NaN	0	NaN	0	NaN	0
PS122/1_6-79	2019-11-09T01:23:00	85.8625	115.7703	13	 324	1.3739	1	34.9022	1	6.9490	1	...1.3577	1	1.3577	35.0690	27.9442	1	7.77	89.48	30.3002	1	-0.1353	0	98.7116	0	0.0096	0	NaN	0	NaN	0	NaN	0
PS122/1_6-79	2019-11-09T01:23:00	85.8625	115.7703	14	 324	1.3756	1	34.9020	1	6.9485	1	...1.3594	1	1.3594	35.0688	27.9439	1	7.77	89.48	30.3016	1	-0.1363	0	98.7154	0	0.0096	0	NaN	0	NaN	0	NaN	0
PS122/1_6-79	2019-11-09T01:23:00	85.8625	115.7703	15	 324	1.3767	1	34.9018	1	6.9473	1	...1.3605	1	1.3605	35.0686	27.9437	1	7.77	89.47	30.3024	1	-0.1353	0	98.7111	0	0.0096	0	NaN	0	NaN	0	NaN	0
PS122/1_6-79	2019-11-09T01:23:00	85.8625	115.7703	16	 324	1.3757	1	34.9021	1	6.9480	1	...1.3595	1	1.3595	35.0689	27.9440	1	7.77	89.47	30.3017	1	-0.1427	0	98.7192	0	0.0096	0	NaN	0	NaN	0	NaN	0
PS122/1_6-79	2019-11-09T01:23:00	85.8625	115.7703	17	 152	0.5044	1	34.6834	1	6.9752	1	...0.5000	1	0.4982	34.8490	27.8250	1	7.96	87.68	29.3001	1	-0.1324	0	98.6544	0	0.0097	0	NaN	0	NaN	0	NaN	0
PS122/1_6-79	2019-11-09T01:23:00	85.8625	115.7703	18	 152	0.4848	1	34.6895	1	6.9897	1	...0.4804	1	0.4786	34.8552	27.8310	1	7.96	87.82	29.2879	1	-0.1282	0	98.6495	0	0.0096	0	NaN	0	NaN	0	NaN	0
PS122/1_6-79	2019-11-09T01:23:00	85.8625	115.7703	19	 101	-0.8845	1	34.4388	1	7.4515	1	...-0.8839	1	-0.8873	34.6032	27.6973	1	8.27	90.11	27.9135	1	-0.1051	0	98.6166	0	0.0095	0	NaN	0	NaN	0	NaN	0
PS122/1_6-79	2019-11-09T01:23:00	85.8625	115.7703	20	 101	-0.8912	1	34.4416	1	7.4508	1	...-0.8906	1	-0.8940	34.6060	27.6999	1	8.27	90.08	27.9099	1	-0.1110	0	98.6166	0	0.0095	0	NaN	0	NaN	0	NaN	0
PS122/1_6-79	2019-11-09T01:23:00	85.8625	115.7703	21	  40	-1.7084	1	33.6566	1	8.3845	1	...-1.7044	1	-1.7091	33.8174	27.0910	1	8.50	98.60	26.6346	1	-0.0099	0	98.2505	0	0.0095	0	NaN	0	NaN	0	NaN	0
PS122/1_6-79	2019-11-09T01:23:00	85.8625	115.7703	22	  40	-1.7087	1	33.6549	1	8.3836	1	...-1.7047	1	-1.7094	33.8157	27.0897	1	8.50	98.59	26.6332	1	-0.0077	0	98.2613	0	0.0096	0	NaN	0	NaN	0	NaN	0
PS122/1_6-79	2019-11-09T01:23:00	85.8625	115.7703	23	  25	-1.7929	1	32.7158	1	8.6714	1	...-1.7875	1	-1.7933	32.8721	26.3291	1	8.58	101.08	25.8830	1	-0.0478	0	98.0728	0	0.0096	0	NaN	0	NaN	0	NaN	0
PS122/1_6-79	2019-11-09T01:23:00	85.8625	115.7703	24	  25	-1.7917	1	32.7165	1	8.6725	1	...-1.7863	1	-1.7921	32.8728	26.3296	1	8.58	101.10	25.8845	1	-0.0413	0	98.0696	0	0.0095	0	NaN	0	NaN	0	NaN	0
PS122/1_6-81	2019-11-09T06:44:00	85.8485	115.7860	 1	2032	-0.5889	1	34.9214	1	6.7908	1	...-0.6851	1	-0.6875	35.0901	28.0809	1	8.18	83.05	29.3575	1	-0.1431	0	98.7726	0	0.0000	0	NaN	0	NaN	0	NaN	0
PS122/1_6-81	2019-11-09T06:44:00	85.8485	115.7860	 2	2032	-0.5893	1	34.9215	1	6.7964	1	...-0.6855	1	-0.6879	35.0902	28.0810	1	8.18	83.12	29.3573	1	-0.1489	0	98.7683	0	0.0000	0	NaN	0	NaN	0	NaN	0
PS122/1_6-81	2019-11-09T06:44:00	85.8485	115.7860	 3	1013	-0.1728	1	34.9002	1	7.0325	1	...-0.2146	1	-0.2163	35.0677	28.0402	1	8.09	86.95	29.2695	1	-0.1275	0	98.7505	0	0.0095	0	NaN	0	NaN	0	NaN	0
PS122/1_6-81	2019-11-09T06:44:00	85.8485	115.7860	 4	1013	-0.1724	1	34.9000	1	7.0213	1	...-0.2142	1	-0.2159	35.0675	28.0400	1	8.09	86.82	29.2695	1	-0.1301	0	98.7473	0	0.0095	0	NaN	0	NaN	0	NaN	0
PS122/1_6-81	2019-11-09T06:44:00	85.8485	115.7860	 5	 506	0.7825	1	34.8942	1	7.0006	1	...0.7596	1	0.7590	35.0611	27.9786	1	7.89	88.77	29.8629	1	-0.1360	0	98.7338	0	0.0095	0	NaN	0	NaN	0	NaN	0
PS122/1_6-81	2019-11-09T06:44:00	85.8485	115.7860	 6	 505	0.7837	1	34.8943	1	7.0004	1	...0.7608	1	0.7602	35.0612	27.9786	1	7.89	88.77	29.8638	1	-0.1340	0	98.7170	0	0.0096	0	NaN	0	NaN	0	NaN	0
PS122/1_6-81	2019-11-09T06:44:00	85.8485	115.7860	 7	 303	1.4137	1	34.9023	1	6.9531	1	...1.3984	1	1.3985	35.0691	27.9413	1	7.76	89.63	30.3258	1	-0.1353	0	98.6928	0	0.0094	0	NaN	0	NaN	0	NaN	0
PS122/1_6-81	2019-11-09T06:44:00	85.8485	115.7860	 8	 303	1.4032	1	34.9013	1	6.9576	1	...1.3880	1	1.3880	35.0681	27.9413	1	7.76	89.66	30.3156	1	-0.1353	0	98.6949	0	0.0094	0	NaN	0	NaN	0	NaN	0
PS122/1_6-81	2019-11-09T06:44:00	85.8485	115.7860	 9	 202	1.1553	1	34.8334	1	6.9038	1	...1.1463	1	1.1458	34.9998	27.9038	1	7.81	88.36	30.0009	1	-0.1353	0	98.6917	0	0.0094	0	NaN	0	NaN	0	NaN	0
PS122/1_6-81	2019-11-09T06:44:00	85.8485	115.7860	10	 202	1.1563	1	34.8333	1	6.8996	1	...1.1473	1	1.1468	34.9997	27.9036	1	7.81	88.30	30.0015	1	-0.1295	0	98.6922	0	0.0094	0	NaN	0	NaN	0	NaN	0
PS122/1_6-81	2019-11-09T06:44:00	85.8485	115.7860	11	 101	-0.8873	1	34.4371	1	7.4715	1	...-0.8867	1	-0.8901	34.6015	27.6961	1	8.27	90.34	27.9098	1	-0.1055	0	98.6139	0	0.0094	0	NaN	0	NaN	0	NaN	0
PS122/1_6-81	2019-11-09T06:44:00	85.8485	115.7860	12	 100	-0.8997	1	34.4344	1	7.4857	1	...-0.8991	1	-0.9025	34.5988	27.6944	1	8.27	90.48	27.8972	1	-0.1081	0	98.6139	0	0.0094	0	NaN	0	NaN	0	NaN	0
PS122/1_6-81	2019-11-09T06:44:00	85.8485	115.7860	13	 100	-0.8880	1	34.4349	1	7.4771	1	...-0.8874	1	-0.8908	34.5993	27.6943	1	8.27	90.41	27.9072	1	-0.1136	0	98.6144	0	0.0094	0	NaN	0	NaN	0	NaN	0
PS122/1_6-81	2019-11-09T06:44:00	85.8485	115.7860	14	 100	-0.8739	1	34.4357	1	7.4894	1	...-0.8733	1	-0.8767	34.6001	27.6944	1	8.27	90.59	27.9196	1	-0.1188	0	98.6166	0	0.0094	0	NaN	0	NaN	0	NaN	0
PS122/1_6-81	2019-11-09T06:44:00	85.8485	115.7860	15	 100	-0.9392	1	34.4271	1	7.4825	1	...-0.9385	1	-0.9419	34.5914	27.6901	1	8.28	90.34	27.8585	1	-0.1110	0	98.6139	0	0.0094	0	NaN	0	NaN	0	NaN	0
PS122/1_6-81	2019-11-09T06:44:00	85.8485	115.7860	16	 100	-0.9369	1	34.4266	1	7.4895	1	...-0.9362	1	-0.9396	34.5909	27.6896	1	8.28	90.43	27.8600	1	-0.1045	0	98.6064	0	0.0094	0	NaN	0	NaN	0	NaN	0
PS122/1_6-81	2019-11-09T06:44:00	85.8485	115.7860	17	 100	-0.9375	1	34.4268	1	7.4656	1	...-0.9368	1	-0.9402	34.5911	27.6898	1	8.28	90.14	27.8597	1	-0.1045	0	98.6177	0	0.0094	0	NaN	0	NaN	0	NaN	0
PS122/1_6-81	2019-11-09T06:44:00	85.8485	115.7860	18	 100	-0.9225	1	34.4302	1	7.4683	1	...-0.9218	1	-0.9252	34.5945	27.6919	1	8.28	90.21	27.8748	1	-0.1107	0	98.6274	0	0.0093	0	NaN	0	NaN	0	NaN	0
PS122/1_6-81	2019-11-09T06:44:00	85.8485	115.7860	19	 100	-0.9199	1	34.4291	1	7.4721	1	...-0.9192	1	-0.9226	34.5934	27.6909	1	8.28	90.26	27.8762	1	-0.1201	0	98.6279	0	0.0094	0	NaN	0	NaN	0	NaN	0
PS122/1_6-81	2019-11-09T06:44:00	85.8485	115.7860	20	 100	-0.9177	1	34.4290	1	7.4764	1	...-0.9170	1	-0.9204	34.5933	27.6907	1	8.28	90.32	27.8779	1	-0.1074	0	98.6285	0	0.0094	0	NaN	0	NaN	0	NaN	0
PS122/1_6-81	2019-11-09T06:44:00	85.8485	115.7860	21	 100	-0.9083	1	34.4295	1	7.4699	1	...-0.9076	1	-0.9110	34.5938	27.6908	1	8.28	90.26	27.8862	1	-0.1077	0	98.6204	0	0.0096	0	NaN	0	NaN	0	NaN	0
PS122/1_6-81	2019-11-09T06:44:00	85.8485	115.7860	22	 100	-0.9102	1	34.4320	1	7.4695	1	...-0.9095	1	-0.9129	34.5963	27.6929	1	8.28	90.26	27.8864	1	-0.1191	0	98.6328	0	0.0095	0	NaN	0	NaN	0	NaN	0
PS122/1_6-81	2019-11-09T06:44:00	85.8485	115.7860	23	 100	-0.9101	1	34.4317	1	7.4748	1	...-0.9094	1	-0.9128	34.5960	27.6926	1	8.28	90.32	27.8863	1	-0.1129	0	98.6306	0	0.0094	0	NaN	0	NaN	0	NaN	0
PS122/1_6-81	2019-11-09T06:44:00	85.8485	115.7860	24	 100	-0.8959	1	34.4332	1	7.4738	1	...-0.8952	1	-0.8987	34.5975	27.6933	1	8.27	90.34	27.8993	1	-0.1191	0	98.6317	0	0.0094	0	NaN	0	NaN	0	NaN	0
PS122/1_7-47	2019-11-14T01:42:00	86.1527	118.1070	 1	 202	1.2093	1	34.8378	1	7.4661	1	...1.2001	1	1.1997	35.0042	27.9036	1	7.80	95.69	30.0513	1	-0.1240	0	98.6841	0	0.0097	0	NaN	0	NaN	0	NaN	0
PS122/1_7-47	2019-11-14T01:42:00	86.1527	118.1070	 2	 202	1.2094	1	34.8378	1	7.4641	1	...1.2002	1	1.1998	35.0042	27.9036	1	7.80	95.66	30.0514	1	-0.1233	0	98.5912	0	0.0097	0	NaN	0	NaN	0	NaN	0
PS122/1_7-47	2019-11-14T01:42:00	86.1527	118.1070	 3	 202	1.2093	1	34.8378	1	7.4681	1	...1.2001	1	1.1997	35.0042	27.9036	1	7.80	95.72	30.0513	1	-0.1253	0	98.6117	0	0.0089	0	NaN	0	NaN	0	NaN	0
PS122/1_7-47	2019-11-14T01:42:00	86.1527	118.1070	 4	 202	1.2107	1	34.8377	1	7.4630	1	...1.2015	1	1.2011	35.0041	27.9034	1	7.80	95.65	30.0524	1	-0.1304	0	98.6776	0	0.0088	0	NaN	0	NaN	0	NaN	0
PS122/1_7-47	2019-11-14T01:42:00	86.1527	118.1070	 5	 101	-0.9117	1	34.4419	1	8.1756	1	...-0.9111	1	-0.9145	34.6063	27.7010	1	8.28	98.79	27.8928	1	-0.1191	0	98.6268	0	0.0089	0	NaN	0	NaN	0	NaN	0
PS122/1_7-47	2019-11-14T01:42:00	86.1527	118.1070	 6	 101	-0.9188	1	34.4409	1	8.1832	1	...-0.9182	1	-0.9216	34.6053	27.7005	1	8.28	98.86	27.8861	1	-0.1142	0	98.6064	0	0.0089	0	NaN	0	NaN	0	NaN	0
PS122/1_7-47	2019-11-14T01:42:00	86.1527	118.1070	 7	 101	-0.9039	1	34.4438	1	8.1871	1	...-0.9033	1	-0.9067	34.6082	27.7022	1	8.27	98.95	27.9008	1	-0.1159	0	98.5864	0	0.0089	0	NaN	0	NaN	0	NaN	0
PS122/1_7-47	2019-11-14T01:42:00	86.1527	118.1070	 8	 101	-0.8989	1	34.4414	1	8.1777	1	...-0.8983	1	-0.9017	34.6058	27.7001	1	8.27	98.85	27.9032	1	-0.1233	0	98.6177	0	0.0089	0	NaN	0	NaN	0	NaN	0
PS122/1_7-47	2019-11-14T01:42:00	86.1527	118.1070	 9	  51	-1.7570	1	33.9654	1	8.9106	1	...-1.7536	1	-1.7579	34.1282	27.3435	1	8.50	104.87	26.8212	1	-0.0556	0	98.4719	0	0.0089	0	NaN	0	NaN	0	NaN	0
PS122/1_7-47	2019-11-14T01:42:00	86.1527	118.1070	10	  51	-1.7563	1	33.9684	1	8.9089	1	...-1.7529	1	-1.7572	34.1312	27.3459	1	8.50	104.86	26.8240	1	-0.0689	0	98.4811	0	0.0089	0	NaN	0	NaN	0	NaN	0
PS122/1_7-47	2019-11-14T01:42:00	86.1527	118.1070	11	  51	-1.7568	1	33.9639	1	8.9165	1	...-1.7534	1	-1.7577	34.1267	27.3423	1	8.50	104.94	26.8203	1	-0.0556	0	98.4735	0	0.0089	0	NaN	0	NaN	0	NaN	0
PS122/1_7-47	2019-11-14T01:42:00	86.1527	118.1070	12	  51	-1.7567	1	33.9622	1	8.9133	1	...-1.7533	1	-1.7576	34.1250	27.3409	1	8.50	104.90	26.8192	1	-0.0618	0	98.4746	0	0.0089	0	NaN	0	NaN	0	NaN	0
PS122/1_7-47	2019-11-14T01:42:00	86.1527	118.1070	13	  20	-1.7691	1	32.4435	1	9.4169	1	...-1.7633	1	-1.7694	32.5984	26.1073	1	8.59	109.63	25.7035	1	-0.0488	0	98.0501	0	0.0088	0	NaN	0	NaN	0	NaN	0
PS122/1_7-47	2019-11-14T01:42:00	86.1527	118.1070	14	  20	-1.7755	1	32.4355	1	9.4168	1	...-1.7697	1	-1.7758	32.5904	26.1009	1	8.59	109.61	25.6926	1	-0.0397	0	98.0447	0	0.0088	0	NaN	0	NaN	0	NaN	0
PS122/1_7-47	2019-11-14T01:42:00	86.1527	118.1070	15	  20	-1.7714	1	32.4465	1	9.4132	1	...-1.7656	1	-1.7717	32.6014	26.1098	1	8.59	109.59	25.7038	1	-0.0556	0	98.0447	0	0.0088	0	NaN	0	NaN	0	NaN	0
PS122/1_7-47	2019-11-14T01:42:00	86.1527	118.1070	16	  20	-1.7752	1	32.4324	1	9.4203	1	...-1.7694	1	-1.7755	32.5872	26.0984	1	8.59	109.65	25.6906	1	-0.0403	0	98.0329	0	0.0089	0	NaN	0	NaN	0	NaN	0
PS122/1_7-47	2019-11-14T01:42:00	86.1527	118.1070	17	  10	-1.7763	1	32.4152	1	9.4305	1	...-1.7703	1	-1.7765	32.5702	26.0847	1	8.59	109.75	25.6729	1	-0.0254	0	98.0415	0	0.0088	0	NaN	0	NaN	0	NaN	0
PS122/1_7-47	2019-11-14T01:42:00	86.1527	118.1070	18	  10	-1.7787	1	32.4150	1	9.4326	1	...-1.7727	1	-1.7789	32.5700	26.0846	1	8.59	109.77	25.6708	1	-0.0352	0	98.0572	0	0.0089	0	NaN	0	NaN	0	NaN	0
PS122/1_7-47	2019-11-14T01:42:00	86.1527	118.1070	19	  10	-1.7781	1	32.4148	1	9.4342	1	...-1.7721	1	-1.7783	32.5698	26.0844	1	8.59	109.79	25.6711	1	-0.0322	0	98.0366	0	0.0088	0	NaN	0	NaN	0	NaN	0
PS122/1_7-47	2019-11-14T01:42:00	86.1527	118.1070	20	  10	-1.7756	1	32.4148	1	9.4302	1	...-1.7696	1	-1.7758	32.5698	26.0843	1	8.59	109.75	25.6731	1	-0.0397	0	98.0410	0	0.0088	0	NaN	0	NaN	0	NaN	0
PS122/1_7-47	2019-11-14T01:42:00	86.1527	118.1070	21	   2	-1.7793	1	32.4167	1	9.4301	1	...-1.7732	1	-1.7794	32.5714	26.0857	1	8.59	109.74	25.6679	1	-0.0394	0	97.9227	0	0.0088	0	NaN	0	NaN	0	NaN	0
PS122/1_7-47	2019-11-14T01:42:00	86.1527	118.1070	22	   2	-1.7779	1	32.4164	1	9.4360	1	...-1.7718	1	-1.7780	32.5711	26.0854	1	8.59	109.81	25.6688	1	-0.0436	0	97.9794	0	0.0088	0	NaN	0	NaN	0	NaN	0
PS122/1_7-47	2019-11-14T01:42:00	86.1527	118.1070	23	   2	-1.7760	1	32.4168	1	9.4268	1	...-1.7699	1	-1.7761	32.5715	26.0857	1	8.59	109.71	25.6706	1	-0.0455	0	98.0323	0	0.0088	0	NaN	0	NaN	0	NaN	0
PS122/1_7-47	2019-11-14T01:42:00	86.1527	118.1070	24	   2	-1.7762	1	32.4171	1	9.4343	1	...-1.7701	1	-1.7763	32.5718	26.0859	1	8.59	109.80	25.6706	1	-0.0394	0	98.0588	0	0.0088	0	NaN	0	NaN	0	NaN	0
PS122/1_7-49	2019-11-14T03:32:00	86.1582	118.1502	 1	4438	-0.6238	1	34.9357	1	6.7397	1	...-0.9233	1	-0.9265	35.1047	28.1030	1	8.18	82.35	30.2283	1	-0.1194	0	98.6074	0	0.0000	0	NaN	0	NaN	0	NaN	0
PS122/1_7-49	2019-11-14T03:32:00	86.1582	118.1502	 2	3568	-0.7124	1	34.9314	1	6.7656	1	...-0.9255	1	-0.9285	35.1002	28.0995	1	8.20	82.47	29.8469	1	-0.1337	0	98.6511	0	0.0000	0	NaN	0	NaN	0	NaN	0
PS122/1_7-49	2019-11-14T03:32:00	86.1582	118.1502	 3	2542	-0.7085	1	34.9165	1	6.7953	1	...-0.8380	1	-0.8406	35.0852	28.0837	1	8.20	82.83	29.4547	1	-0.1279	0	98.6793	0	0.0000	0	NaN	0	NaN	0	NaN	0
PS122/1_7-49	2019-11-14T03:32:00	86.1582	118.1502	 4	2031	-0.5698	1	34.9211	1	6.7517	1	...-0.6664	1	-0.6687	35.0898	28.0798	1	8.17	82.61	29.3735	1	-0.1327	0	98.6982	0	0.0097	0	NaN	0	NaN	0	NaN	0
PS122/1_7-49	2019-11-14T03:32:00	86.1582	118.1502	 5	1013	-0.1413	1	34.9026	1	6.9779	1	...-0.1834	1	-0.1851	35.0701	28.0405	1	8.08	86.35	29.2983	1	-0.1240	0	98.6511	0	0.0097	0	NaN	0	NaN	0	NaN	0
PS122/1_7-49	2019-11-14T03:32:00	86.1582	118.1502	 6	1013	-0.1424	1	34.9025	1	6.9764	1	...-0.1845	1	-0.1862	35.0700	28.0405	1	8.08	86.33	29.2973	1	-0.1236	0	98.6576	0	0.0096	0	NaN	0	NaN	0	NaN	0
PS122/1_7-49	2019-11-14T03:32:00	86.1582	118.1502	 7	 506	0.9068	1	34.8969	1	6.9744	1	...0.8832	1	0.8827	35.0638	27.9728	1	7.86	88.72	29.9727	1	-0.1301	0	98.6274	0	0.0097	0	NaN	0	NaN	0	NaN	0
PS122/1_7-49	2019-11-14T03:32:00	86.1582	118.1502	 8	 506	0.9112	1	34.8979	1	6.9740	1	...0.8876	1	0.8871	35.0648	27.9733	1	7.86	88.73	29.9773	1	-0.1272	0	98.6268	0	0.0096	0	NaN	0	NaN	0	NaN	0
PS122/1_7-49	2019-11-14T03:32:00	86.1582	118.1502	 9	 243	1.3850	1	34.8776	1	6.9441	1	...1.3731	1	1.3730	35.0443	27.9233	1	7.76	89.43	30.2537	1	-0.1288	0	98.6085	0	0.0097	0	NaN	0	NaN	0	NaN	0
PS122/1_7-49	2019-11-14T03:32:00	86.1582	118.1502	10	 243	1.3839	1	34.8776	1	6.9411	1	...1.3720	1	1.3719	35.0443	27.9234	1	7.77	89.39	30.2528	1	-0.1292	0	98.5993	0	0.0097	0	NaN	0	NaN	0	NaN	0
PS122/1_7-49	2019-11-14T03:32:00	86.1582	118.1502	11	 202	1.2118	1	34.8392	1	6.9090	1	...1.2026	1	1.2022	35.0056	27.9046	1	7.80	88.56	30.0545	1	-0.1285	0	98.6134	0	0.0097	0	NaN	0	NaN	0	NaN	0
PS122/1_7-49	2019-11-14T03:32:00	86.1582	118.1502	12	 202	1.2114	1	34.8392	1	6.9074	1	...1.2022	1	1.2018	35.0056	27.9046	1	7.80	88.53	30.0542	1	-0.1343	0	98.6107	0	0.0097	0	NaN	0	NaN	0	NaN	0
PS122/1_7-49	2019-11-14T03:32:00	86.1582	118.1502	13	 152	1.0081	1	34.7925	1	6.9854	1	...1.0021	1	1.0012	34.9587	27.8808	1	7.85	89.03	29.8183	1	-0.1347	0	98.6009	0	0.0097	0	NaN	0	NaN	0	NaN	0
PS122/1_7-49	2019-11-14T03:32:00	86.1582	118.1502	14	 101	-0.6220	1	34.4948	1	7.4311	1	...-0.6219	1	-0.6250	34.6595	27.7315	1	8.21	90.53	28.1759	1	-0.1194	0	98.5562	0	0.0097	0	NaN	0	NaN	0	NaN	0
PS122/1_7-49	2019-11-14T03:32:00	86.1582	118.1502	15	 101	-0.7139	1	34.4659	1	7.4725	1	...-0.7136	1	-0.7169	34.6305	27.7122	1	8.23	90.79	28.0770	1	-0.1136	0	98.5567	0	0.0097	0	NaN	0	NaN	0	NaN	0
PS122/1_7-49	2019-11-14T03:32:00	86.1582	118.1502	16	  50	-1.7656	1	33.9996	1	8.2236	1	...-1.7623	1	-1.7665	34.1626	27.3715	1	8.50	96.79	26.8386	1	-0.0543	0	98.3963	0	0.0097	0	NaN	0	NaN	0	NaN	0
PS122/1_7-49	2019-11-14T03:32:00	86.1582	118.1502	17	  50	-1.7364	1	34.0060	1	8.2159	1	...-1.7331	1	-1.7373	34.1690	27.3759	1	8.49	96.78	26.8673	1	-0.0556	0	98.3838	0	0.0096	0	NaN	0	NaN	0	NaN	0
PS122/1_7-49	2019-11-14T03:32:00	86.1582	118.1502	18	  20	-1.7764	1	32.4114	1	8.6227	1	...-1.7705	1	-1.7767	32.5661	26.0814	1	8.59	100.35	25.6745	1	-0.0400	0	98.0485	0	0.0097	0	NaN	0	NaN	0	NaN	0
PS122/1_7-49	2019-11-14T03:32:00	86.1582	118.1502	19	  20	-1.7741	1	32.4263	1	8.6090	1	...-1.7683	1	-1.7744	32.5811	26.0934	1	8.59	100.20	25.6870	1	-0.0410	0	98.0523	0	0.0096	0	NaN	0	NaN	0	NaN	0
PS122/1_7-49	2019-11-14T03:32:00	86.1582	118.1502	20	  20	-1.7762	1	32.4166	1	8.6048	1	...-1.7704	1	-1.7765	32.5714	26.0856	1	8.59	100.14	25.6784	1	-0.0485	0	98.0248	0	0.0097	0	NaN	0	NaN	0	NaN	0
PS122/1_7-49	2019-11-14T03:32:00	86.1582	118.1502	21	  10	-1.7708	1	32.3782	1	8.6304	1	...-1.7648	1	-1.7710	32.5331	26.0545	1	8.59	100.43	25.6505	1	-0.0407	0	97.9681	0	0.0095	0	NaN	0	NaN	0	NaN	0
PS122/1_7-49	2019-11-14T03:32:00	86.1582	118.1502	22	  10	-1.7697	1	32.3788	1	8.6311	1	...-1.7637	1	-1.7699	32.5337	26.0550	1	8.59	100.44	25.6518	1	-0.0420	0	97.9794	0	0.0096	0	NaN	0	NaN	0	NaN	0
PS122/1_7-49	2019-11-14T03:32:00	86.1582	118.1502	23	   2	-1.7747	1	32.3710	1	8.6320	1	...-1.7685	1	-1.7748	32.5255	26.0485	1	8.59	100.43	25.6387	1	-0.0403	0	97.9794	0	0.0096	0	NaN	0	NaN	0	NaN	0
PS122/1_7-49	2019-11-14T03:32:00	86.1582	118.1502	24	   2	-1.7752	1	32.3710	1	8.6279	1	...-1.7691	1	-1.7753	32.5255	26.0485	1	8.60	100.38	25.6383	1	-0.0481	0	97.9741	0	0.0096	0	NaN	0	NaN	0	NaN	0
PS122/1_7-80	2019-11-15T04:41:00	86.1900	118.3568	 1	 506	0.9196	1	34.8974	1	6.9792	1	...0.8959	1	0.8954	35.0643	27.9724	1	7.86	88.81	29.9844	1	-0.1330	0	98.5945	0	0.0096	0	NaN	0	NaN	0	NaN	0
PS122/1_7-80	2019-11-15T04:41:00	86.1900	118.3568	 2	 506	0.9274	1	34.8958	1	6.9663	1	...0.9037	1	0.9032	35.0627	27.9706	1	7.86	88.67	29.9899	1	-0.1340	0	98.6047	0	0.0095	0	NaN	0	NaN	0	NaN	0
PS122/1_7-80	2019-11-15T04:41:00	86.1900	118.3568	 3	 303	1.2574	1	34.8697	1	6.8924	1	...1.2429	1	1.2426	35.0364	27.9263	1	7.79	88.47	30.1641	1	-0.1353	0	98.4924	0	0.0097	0	NaN	0	NaN	0	NaN	0
PS122/1_7-80	2019-11-15T04:41:00	86.1900	118.3568	 4	 243	1.3503	1	34.8721	1	6.9326	1	...1.3385	1	1.3384	35.0387	27.9214	1	7.77	89.20	30.2192	1	-0.1305	0	98.5891	0	0.0086	0	NaN	0	NaN	0	NaN	0
PS122/1_7-80	2019-11-15T04:41:00	86.1900	118.3568	 5	 202	1.2088	1	34.8399	1	6.9027	1	...1.1996	1	1.1992	35.0063	27.9053	1	7.80	88.47	30.0525	1	-0.1340	0	98.6134	0	0.0086	0	NaN	0	NaN	0	NaN	0
PS122/1_7-80	2019-11-15T04:41:00	86.1900	118.3568	 6	 152	0.8867	1	34.7326	1	6.9852	1	...0.8813	1	0.8800	34.8985	27.8406	1	7.87	88.72	29.6671	1	-0.1266	0	98.5739	0	0.0088	0	NaN	0	NaN	0	NaN	0
PS122/1_7-80	2019-11-15T04:41:00	86.1900	118.3568	 7	 101	-0.7376	1	34.4605	1	7.4571	1	...-0.7372	1	-0.7405	34.6250	27.7088	1	8.24	90.55	28.0530	1	-0.1256	0	98.5378	0	0.0087	0	NaN	0	NaN	0	NaN	0
PS122/1_7-80	2019-11-15T04:41:00	86.1900	118.3568	 8	 101	-0.7459	1	34.4377	1	7.4675	1	...-0.7455	1	-0.7488	34.6021	27.6907	1	8.24	90.64	28.0292	1	-0.1191	0	98.5562	0	0.0086	0	NaN	0	NaN	0	NaN	0
PS122/1_7-80	2019-11-15T04:41:00	86.1900	118.3568	 9	  20	-1.7755	1	32.4117	1	8.6025	1	...-1.7696	1	-1.7758	32.5665	26.0816	1	8.59	100.11	25.6754	1	-0.0397	0	97.9735	0	0.0086	0	NaN	0	NaN	0	NaN	0
PS122/1_7-80	2019-11-15T04:41:00	86.1900	118.3568	10	  20	-1.7754	1	32.4102	1	8.6210	1	...-1.7695	1	-1.7757	32.5649	26.0804	1	8.59	100.33	25.6744	1	-0.0397	0	97.9724	0	0.0086	0	NaN	0	NaN	0	NaN	0
PS122/1_7-80	2019-11-15T04:41:00	86.1900	118.3568	11	  20	-1.7733	1	32.4277	1	8.6225	1	...-1.7675	1	-1.7736	32.5825	26.0945	1	8.59	100.36	25.6887	1	-0.0472	0	97.9622	0	0.0086	0	NaN	0	NaN	0	NaN	0
PS122/1_7-80	2019-11-15T04:41:00	86.1900	118.3568	12	  20	-1.7735	1	32.4168	1	8.6435	1	...-1.7676	1	-1.7738	32.5716	26.0857	1	8.59	100.60	25.6807	1	-0.0416	0	97.9789	0	0.0086	0	NaN	0	NaN	0	NaN	0
PS122/1_7-80	2019-11-15T04:41:00	86.1900	118.3568	13	  20	-1.7758	1	32.3982	1	8.6319	1	...-1.7699	1	-1.7761	32.5529	26.0706	1	8.59	100.45	25.6655	1	-0.0478	0	97.9821	0	0.0086	0	NaN	0	NaN	0	NaN	0
PS122/1_7-80	2019-11-15T04:41:00	86.1900	118.3568	14	  20	-1.7761	1	32.3996	1	8.6411	1	...-1.7702	1	-1.7764	32.5543	26.0718	1	8.59	100.55	25.6662	1	-0.0403	0	97.9902	0	0.0088	0	NaN	0	NaN	0	NaN	0
PS122/1_7-80	2019-11-15T04:41:00	86.1900	118.3568	15	  20	-1.7772	1	32.3958	1	8.6392	1	...-1.7713	1	-1.7775	32.5505	26.0687	1	8.59	100.52	25.6626	1	-0.0394	0	97.9751	0	0.0086	0	NaN	0	NaN	0	NaN	0
PS122/1_7-80	2019-11-15T04:41:00	86.1900	118.3568	16	  20	-1.7771	1	32.3958	1	8.6362	1	...-1.7712	1	-1.7774	32.5505	26.0687	1	8.59	100.49	25.6627	1	-0.0391	0	97.9524	0	0.0086	0	NaN	0	NaN	0	NaN	0
PS122/1_7-80	2019-11-15T04:41:00	86.1900	118.3568	17	  20	-1.7766	1	32.3950	1	8.6376	1	...-1.7707	1	-1.7769	32.5497	26.0681	1	8.59	100.51	25.6625	1	-0.0462	0	97.9730	0	0.0086	0	NaN	0	NaN	0	NaN	0
PS122/1_7-80	2019-11-15T04:41:00	86.1900	118.3568	18	  20	-1.7772	1	32.3958	1	8.6380	1	...-1.7713	1	-1.7775	32.5505	26.0687	1	8.59	100.51	25.6626	1	-0.0384	0	97.9740	0	0.0087	0	NaN	0	NaN	0	NaN	0
PS122/1_7-80	2019-11-15T04:41:00	86.1900	118.3568	19	  20	-1.7767	1	32.3949	1	8.6346	1	...-1.7708	1	-1.7770	32.5496	26.0680	1	8.59	100.47	25.6624	1	-0.0478	0	97.9643	0	0.0086	0	NaN	0	NaN	0	NaN	0
PS122/1_7-80	2019-11-15T04:41:00	86.1900	118.3568	20	  20	-1.7765	1	32.3955	1	8.6331	1	...-1.7706	1	-1.7768	32.5502	26.0685	1	8.59	100.46	25.6630	1	-0.0394	0	97.9740	0	0.0087	0	NaN	0	NaN	0	NaN	0
PS122/1_7-80	2019-11-15T04:41:00	86.1900	118.3568	21	  20	-1.7775	1	32.3958	1	8.6398	1	...-1.7716	1	-1.7778	32.5505	26.0687	1	8.59	100.53	25.6624	1	-0.0322	0	97.9697	0	0.0086	0	NaN	0	NaN	0	NaN	0
PS122/1_7-80	2019-11-15T04:41:00	86.1900	118.3568	22	  20	-1.7768	1	32.3952	1	8.6327	1	...-1.7709	1	-1.7771	32.5499	26.0682	1	8.59	100.45	25.6625	1	-0.0501	0	97.9843	0	0.0086	0	NaN	0	NaN	0	NaN	0
PS122/1_7-80	2019-11-15T04:41:00	86.1900	118.3568	23	   2	-1.7635	1	32.3116	1	8.6392	1	...-1.7573	1	-1.7636	32.4658	26.0000	1	8.60	100.50	25.6047	1	-0.0322	0	97.9622	0	0.0086	0	NaN	0	NaN	0	NaN	0
PS122/1_7-80	2019-11-15T04:41:00	86.1900	118.3568	24	   2	-1.7635	1	32.3116	1	8.6378	1	...-1.7573	1	-1.7636	32.4658	26.0000	1	8.60	100.49	25.6047	1	-0.0397	0	97.9632	0	0.0086	0	NaN	0	NaN	0	NaN	0
PS122/1_8-43	2019-11-21T03:04:00	85.7452	120.9907	 1	 263	1.4348	1	34.8832	1	7.4787	1	...1.4217	1	1.4217	35.0499	27.9243	1	7.75	96.44	30.3107	1	-0.1298	0	98.6063	0	0.0089	0	NaN	0	NaN	0	NaN	0
PS122/1_8-43	2019-11-21T03:04:00	85.7452	120.9907	 2	 263	1.4425	1	34.8827	1	7.4786	1	...1.4293	1	1.4293	35.0494	27.9233	1	7.75	96.46	30.3170	1	-0.1334	0	98.5453	0	0.0089	0	NaN	0	NaN	0	NaN	0
PS122/1_8-43	2019-11-21T03:04:00	85.7452	120.9907	 3	 202	1.3035	1	34.8431	1	7.4605	1	...1.2941	1	1.2937	35.0095	27.9013	1	7.78	95.85	30.1372	1	-0.1350	0	98.5718	0	0.0089	0	NaN	0	NaN	0	NaN	0
PS122/1_8-43	2019-11-21T03:04:00	85.7452	120.9907	 4	 202	1.2981	1	34.8432	1	7.4581	1	...1.2887	1	1.2884	35.0096	27.9017	1	7.78	95.81	30.1326	1	-0.1350	0	98.5653	0	0.0090	0	NaN	0	NaN	0	NaN	0
PS122/1_8-43	2019-11-21T03:04:00	85.7452	120.9907	 5	 202	1.3030	1	34.8433	1	7.4607	1	...1.2936	1	1.2932	35.0097	27.9015	1	7.78	95.86	30.1369	1	-0.1266	0	98.5632	0	0.0089	0	NaN	0	NaN	0	NaN	0
PS122/1_8-43	2019-11-21T03:04:00	85.7452	120.9907	 6	 202	1.3031	1	34.8435	1	7.4560	1	...1.2937	1	1.2933	35.0099	27.9016	1	7.78	95.80	30.1372	1	-0.1350	0	98.5890	0	0.0089	0	NaN	0	NaN	0	NaN	0
PS122/1_8-43	2019-11-21T03:04:00	85.7452	120.9907	 7	 101	-0.9103	1	34.4417	1	8.2342	1	...-0.9097	1	-0.9131	34.6062	27.7008	1	8.28	99.50	27.8939	1	-0.1120	0	98.5307	0	0.0089	0	NaN	0	NaN	0	NaN	0
PS122/1_8-43	2019-11-21T03:04:00	85.7452	120.9907	 8	 101	-0.9404	1	34.4474	1	8.2401	1	...-0.9398	1	-0.9431	34.6119	27.7066	1	8.28	99.50	27.8728	1	-0.1246	0	98.5410	0	0.0090	0	NaN	0	NaN	0	NaN	0
PS122/1_8-43	2019-11-21T03:04:00	85.7452	120.9907	 9	 101	-0.9125	1	34.4564	1	8.2381	1	...-0.9119	1	-0.9153	34.6210	27.7128	1	8.27	99.56	27.9029	1	-0.1191	0	98.5448	0	0.0089	0	NaN	0	NaN	0	NaN	0
PS122/1_8-43	2019-11-21T03:04:00	85.7452	120.9907	10	 101	-0.8577	1	34.4534	1	8.2209	1	...-0.8572	1	-0.8605	34.6179	27.7081	1	8.26	99.49	27.9468	1	-0.1191	0	98.5378	0	0.0089	0	NaN	0	NaN	0	NaN	0
PS122/1_8-43	2019-11-21T03:04:00	85.7452	120.9907	11	  51	-1.7626	1	34.1689	1	8.8769	1	...-1.7596	1	-1.7636	34.3326	27.5089	1	8.49	104.61	26.9626	1	-0.0491	0	98.3633	0	0.0089	0	NaN	0	NaN	0	NaN	0
PS122/1_8-43	2019-11-21T03:04:00	85.7452	120.9907	12	  51	-1.7660	1	34.1492	1	8.8877	1	...-1.7629	1	-1.7670	34.3128	27.4930	1	8.49	104.71	26.9456	1	-0.0488	0	98.3768	0	0.0089	0	NaN	0	NaN	0	NaN	0
PS122/1_8-43	2019-11-21T03:04:00	85.7452	120.9907	13	  51	-1.7725	1	34.1099	1	8.9518	1	...-1.7694	1	-1.7734	34.2734	27.4613	1	8.49	105.42	26.9121	1	-0.0556	0	98.3790	0	0.0089	0	NaN	0	NaN	0	NaN	0
PS122/1_8-43	2019-11-21T03:04:00	85.7452	120.9907	14	  51	-1.7715	1	34.1128	1	8.9417	1	...-1.7684	1	-1.7724	34.2763	27.4636	1	8.49	105.30	26.9150	1	-0.0556	0	98.3720	0	0.0089	0	NaN	0	NaN	0	NaN	0
PS122/1_8-43	2019-11-21T03:04:00	85.7452	120.9907	15	  41	-1.7316	1	33.8856	1	9.0896	1	...-1.7279	1	-1.7324	34.0476	27.2777	1	8.50	107.00	26.7803	1	-0.0238	0	98.2710	0	0.0089	0	NaN	0	NaN	0	NaN	0
PS122/1_8-43	2019-11-21T03:04:00	85.7452	120.9907	16	  41	-1.7367	1	33.9475	1	9.0614	1	...-1.7331	1	-1.7375	34.1098	27.3281	1	8.49	106.69	26.8206	1	-0.0238	0	98.2580	0	0.0089	0	NaN	0	NaN	0	NaN	0
PS122/1_8-43	2019-11-21T03:04:00	85.7452	120.9907	17	  41	-1.7324	1	33.8953	1	9.0953	1	...-1.7288	1	-1.7332	34.0573	27.2856	1	8.49	107.07	26.7866	1	-0.0238	0	98.2569	0	0.0088	0	NaN	0	NaN	0	NaN	0
PS122/1_8-43	2019-11-21T03:04:00	85.7452	120.9907	18	  10	-1.7695	1	32.6721	1	9.3979	1	...-1.7638	1	-1.7697	32.8283	26.2931	1	8.58	109.59	25.8634	1	-0.0556	0	98.0890	0	0.0089	0	NaN	0	NaN	0	NaN	0
PS122/1_8-43	2019-11-21T03:04:00	85.7452	120.9907	19	  10	-1.7806	1	32.6817	1	9.3977	1	...-1.7749	1	-1.7808	32.8380	26.3012	1	8.58	109.56	25.8615	1	-0.0556	0	98.1057	0	0.0088	0	NaN	0	NaN	0	NaN	0
PS122/1_8-43	2019-11-21T03:04:00	85.7452	120.9907	20	  10	-1.7825	1	32.6822	1	9.4008	1	...-1.7768	1	-1.7827	32.8385	26.3016	1	8.58	109.59	25.8603	1	-0.0446	0	98.1030	0	0.0088	0	NaN	0	NaN	0	NaN	0
PS122/1_8-43	2019-11-21T03:04:00	85.7452	120.9907	21	   2	-1.7806	1	32.6697	1	9.3914	1	...-1.7748	1	-1.7807	32.8257	26.2912	1	8.58	109.47	25.8494	1	-0.0556	0	98.1057	0	0.0089	0	NaN	0	NaN	0	NaN	0
PS122/1_8-43	2019-11-21T03:04:00	85.7452	120.9907	22	   2	-1.7821	1	32.6704	1	9.4051	1	...-1.7763	1	-1.7822	32.8264	26.2918	1	8.58	109.63	25.8487	1	-0.0556	0	98.1020	0	0.0088	0	NaN	0	NaN	0	NaN	0
PS122/1_8-43	2019-11-21T03:04:00	85.7452	120.9907	23	   2	-1.7819	1	32.6696	1	9.3950	1	...-1.7761	1	-1.7820	32.8256	26.2912	1	8.58	109.51	25.8483	1	-0.0527	0	98.1073	0	0.0088	0	NaN	0	NaN	0	NaN	0
PS122/1_8-43	2019-11-21T03:04:00	85.7452	120.9907	24	   2	-1.7828	1	32.6700	1	9.4015	1	...-1.7770	1	-1.7829	32.8260	26.2915	1	8.58	109.59	25.8478	1	-0.0556	0	98.0858	0	0.0088	0	NaN	0	NaN	0	NaN	0
PS122/1_8-46	2019-11-21T05:18:00	85.7445	120.9543	 1	4436	-0.6241	1	34.9469	1	6.7239	1	...-0.9235	1	-0.9267	35.1159	28.1120	1	8.18	82.17	30.2364	1	-0.1502	0	98.2694	0	0.0000	0	NaN	0	NaN	0	NaN	0
PS122/1_8-46	2019-11-21T05:18:00	85.7445	120.9543	 2	4082	-0.6614	1	34.9470	1	6.7342	1	...-0.9242	1	-0.9272	35.1160	28.1122	1	8.19	82.21	30.0839	1	-0.1272	0	98.2591	0	0.0000	0	NaN	0	NaN	0	NaN	0
PS122/1_8-46	2019-11-21T05:18:00	85.7445	120.9543	 3	3568	-0.7142	1	34.9431	1	6.7481	1	...-0.9273	1	-0.9302	35.1120	28.1090	1	8.20	82.26	29.8544	1	-0.1421	0	98.3061	0	0.0000	0	NaN	0	NaN	0	NaN	0
PS122/1_8-46	2019-11-21T05:18:00	85.7445	120.9543	 4	3055	-0.7424	1	34.9368	1	6.7640	1	...-0.9108	1	-0.9137	35.1057	28.1032	1	8.21	82.39	29.6371	1	-0.1418	0	98.3201	0	0.0000	0	NaN	0	NaN	0	NaN	0
PS122/1_8-46	2019-11-21T05:18:00	85.7445	120.9543	 5	2541	-0.7415	1	34.9296	1	6.7838	1	...-0.8702	1	-0.8729	35.0984	28.0956	1	8.21	82.63	29.4363	1	-0.1214	0	98.3342	0	0.0098	0	NaN	0	NaN	0	NaN	0
PS122/1_8-46	2019-11-21T05:18:00	85.7445	120.9543	 6	2031	-0.6773	1	34.9235	1	6.7995	1	...-0.7719	1	-0.7744	35.0923	28.0865	1	8.20	82.96	29.2838	1	-0.1337	0	98.3126	0	0.0098	0	NaN	0	NaN	0	NaN	0
PS122/1_8-46	2019-11-21T05:18:00	85.7445	120.9543	 7	1522	-0.5020	1	34.9186	1	6.8886	1	...-0.5679	1	-0.5700	35.0871	28.0732	1	8.16	84.44	29.2195	1	-0.1330	0	98.3007	0	0.0098	0	NaN	0	NaN	0	NaN	0
PS122/1_8-46	2019-11-21T05:18:00	85.7445	120.9543	 8	1013	-0.1095	1	34.9098	1	6.9813	1	...-0.1519	1	-0.1535	35.0773	28.0447	1	8.07	86.47	29.3312	1	-0.1191	0	98.3207	0	0.0098	0	NaN	0	NaN	0	NaN	0
PS122/1_8-46	2019-11-21T05:18:00	85.7445	120.9543	 9	1013	-0.1105	1	34.9092	1	6.9817	1	...-0.1529	1	-0.1545	35.0767	28.0443	1	8.07	86.48	29.3299	1	-0.1282	0	98.3061	0	0.0099	0	NaN	0	NaN	0	NaN	0
PS122/1_8-46	2019-11-21T05:18:00	85.7445	120.9543	10	 759	0.1892	1	34.9004	1	7.0019	1	...0.1573	1	0.1560	35.0676	28.0201	1	8.01	87.41	29.4691	1	-0.1343	0	98.3196	0	0.0098	0	NaN	0	NaN	0	NaN	0
PS122/1_8-46	2019-11-21T05:18:00	85.7445	120.9543	11	 506	0.9484	1	34.9067	1	6.9726	1	...0.9246	1	0.9242	35.0737	27.9779	1	7.85	88.80	30.0165	1	-0.1356	0	98.2688	0	0.0097	0	NaN	0	NaN	0	NaN	0
PS122/1_8-46	2019-11-21T05:18:00	85.7445	120.9543	12	 323	1.3579	1	34.9018	1	6.9069	1	...1.3418	1	1.3418	35.0686	27.9451	1	7.77	88.90	30.2860	1	-0.0757	0	98.2802	0	0.0097	0	NaN	0	NaN	0	NaN	0
PS122/1_8-46	2019-11-21T05:18:00	85.7445	120.9543	13	 202	1.2364	1	34.8526	1	6.8637	1	...1.2271	1	1.2268	35.0191	27.9136	1	7.80	88.04	30.0865	1	-0.1347	0	98.2407	0	0.0097	0	NaN	0	NaN	0	NaN	0
PS122/1_8-46	2019-11-21T05:18:00	85.7445	120.9543	14	 152	0.4487	1	34.6864	1	6.9901	1	...0.4445	1	0.4427	34.8521	27.8307	1	7.97	87.74	29.2546	1	-0.1159	0	98.2084	0	0.0097	0	NaN	0	NaN	0	NaN	0
PS122/1_8-46	2019-11-21T05:18:00	85.7445	120.9543	15	 101	-1.0763	1	34.4329	1	7.5730	1	...-1.0754	1	-1.0788	34.5974	27.7002	1	8.31	91.10	27.7481	1	-0.1042	0	98.1776	0	0.0097	0	NaN	0	NaN	0	NaN	0
PS122/1_8-46	2019-11-21T05:18:00	85.7445	120.9543	16	  76	-1.7027	1	34.2814	1	7.8979	1	...-1.7003	1	-1.7041	34.4453	27.5983	1	8.47	93.30	27.1044	1	-0.0799	0	98.0976	0	0.0097	0	NaN	0	NaN	0	NaN	0
PS122/1_8-46	2019-11-21T05:18:00	85.7445	120.9543	17	  50	-1.7724	1	34.1556	1	8.1130	1	...-1.7693	1	-1.7733	34.3193	27.4984	1	8.49	95.57	26.9449	1	-0.0556	0	98.0134	0	0.0097	0	NaN	0	NaN	0	NaN	0
PS122/1_8-46	2019-11-21T05:18:00	85.7445	120.9543	18	  40	-1.7510	1	34.0549	1	8.1870	1	...-1.7475	1	-1.7517	34.2177	27.4157	1	8.49	96.43	26.8857	1	-0.0238	0	97.9600	0	0.0096	0	NaN	0	NaN	0	NaN	0
PS122/1_8-46	2019-11-21T05:18:00	85.7445	120.9543	19	  40	-1.7528	1	34.0582	1	8.1998	1	...-1.7493	1	-1.7535	34.2210	27.4185	1	8.49	96.58	26.8866	1	-0.0316	0	97.9746	0	0.0096	0	NaN	0	NaN	0	NaN	0
PS122/1_8-46	2019-11-21T05:18:00	85.7445	120.9543	20	  30	-1.7941	1	32.7702	1	8.5819	1	...-1.7888	1	-1.7945	32.9271	26.3736	1	8.58	100.07	25.9235	1	-0.0650	0	97.7818	0	0.0096	0	NaN	0	NaN	0	NaN	0
PS122/1_8-46	2019-11-21T05:18:00	85.7445	120.9543	21	  10	-1.7934	1	32.6993	1	8.5748	1	...-1.7877	1	-1.7935	32.8557	26.3158	1	8.58	99.94	25.8639	1	-0.0556	0	97.7435	0	0.0096	0	NaN	0	NaN	0	NaN	0
PS122/1_8-46	2019-11-21T05:18:00	85.7445	120.9543	22	   5	-1.7916	1	32.6957	1	8.5712	1	...-1.7858	1	-1.7916	32.8519	26.3127	1	8.58	99.90	25.8606	1	-0.0517	0	97.7564	0	0.0096	0	NaN	0	NaN	0	NaN	0
PS122/1_8-46	2019-11-21T05:18:00	85.7445	120.9543	23	   2	-1.7921	1	32.6977	1	8.5747	1	...-1.7863	1	-1.7921	32.8538	26.3142	1	8.58	99.94	25.8603	1	-0.0475	0	97.7532	0	0.0095	0	NaN	0	NaN	0	NaN	0
PS122/1_8-46	2019-11-21T05:18:00	85.7445	120.9543	24	   2	-1.7927	1	32.6972	1	8.5753	1	...-1.7869	1	-1.7927	32.8533	26.3138	1	8.58	99.95	25.8594	1	-0.0559	0	97.7559	0	0.0095	0	NaN	0	NaN	0	NaN	0
PS122/1_8-71	2019-11-22T03:00:00	85.7357	120.8132	 1	 506	0.9865	1	34.9013	1	6.9692	1	...0.9624	1	0.9621	35.0683	27.9711	1	7.84	88.84	30.0453	1	-0.0896	0	98.3488	0	0.0100	0	NaN	0	NaN	0	NaN	0
PS122/1_8-71	2019-11-22T03:00:00	85.7357	120.8132	 2	 506	0.9801	1	34.9001	1	6.9685	1	...0.9561	1	0.9557	35.0670	27.9705	1	7.85	88.82	30.0388	1	-0.1285	0	98.3353	0	0.0100	0	NaN	0	NaN	0	NaN	0
PS122/1_8-71	2019-11-22T03:00:00	85.7357	120.8132	 3	 334	1.4151	1	34.9071	1	6.9067	1	...1.3981	1	1.3983	35.0739	27.9452	1	7.76	89.04	30.3446	1	-0.1246	0	98.3342	0	0.0091	0	NaN	0	NaN	0	NaN	0
PS122/1_8-71	2019-11-22T03:00:00	85.7357	120.8132	 4	 334	1.4172	1	34.9064	1	6.8950	1	...1.4002	1	1.4004	35.0732	27.9445	1	7.76	88.89	30.3459	1	-0.1353	0	98.3196	0	0.0090	0	NaN	0	NaN	0	NaN	0
PS122/1_8-71	2019-11-22T03:00:00	85.7357	120.8132	 5	 334	1.4137	1	34.9048	1	6.9117	1	...1.3968	1	1.3969	35.0716	27.9435	1	7.76	89.09	30.3416	1	-0.1327	0	98.3363	0	0.0089	0	NaN	0	NaN	0	NaN	0
PS122/1_8-71	2019-11-22T03:00:00	85.7357	120.8132	 6	 334	1.4049	1	34.9112	1	6.9183	1	...1.3880	1	1.3881	35.0781	27.9493	1	7.76	89.16	30.3389	1	-0.1185	0	98.3380	0	0.0089	0	NaN	0	NaN	0	NaN	0
PS122/1_8-71	2019-11-22T03:00:00	85.7357	120.8132	 7	 334	1.3993	1	34.9070	1	6.9260	1	...1.3824	1	1.3825	35.0738	27.9463	1	7.76	89.25	30.3307	1	-0.1347	0	98.3423	0	0.0090	0	NaN	0	NaN	0	NaN	0
PS122/1_8-71	2019-11-22T03:00:00	85.7357	120.8132	 8	 334	1.4125	1	34.9047	1	6.8211	1	...1.3956	1	1.3957	35.0715	27.9435	1	7.76	87.92	30.3404	1	-0.1327	0	98.3439	0	0.0084	0	NaN	0	NaN	0	NaN	0
PS122/1_8-71	2019-11-22T03:00:00	85.7357	120.8132	 9	 334	1.4146	1	34.9051	1	6.8236	1	...1.3977	1	1.3978	35.0719	27.9437	1	7.76	87.96	30.3426	1	-0.1401	0	98.3380	0	0.0083	0	NaN	0	NaN	0	NaN	0
PS122/1_8-71	2019-11-22T03:00:00	85.7357	120.8132	10	 334	1.4168	1	34.9047	1	6.8128	1	...1.3999	1	1.4000	35.0715	27.9432	1	7.76	87.83	30.3442	1	-0.1318	0	98.3477	0	0.0083	0	NaN	0	NaN	0	NaN	0
PS122/1_8-71	2019-11-22T03:00:00	85.7357	120.8132	11	 334	1.4155	1	34.9049	1	6.8076	1	...1.3986	1	1.3987	35.0717	27.9434	1	7.76	87.76	30.3432	1	-0.1256	0	98.3309	0	0.0083	0	NaN	0	NaN	0	NaN	0
PS122/1_8-71	2019-11-22T03:00:00	85.7357	120.8132	12	 334	1.4142	1	34.9053	1	6.8098	1	...1.3973	1	1.3974	35.0721	27.9438	1	7.76	87.78	30.3424	1	-0.1311	0	98.3472	0	0.0083	0	NaN	0	NaN	0	NaN	0
PS122/1_8-71	2019-11-22T03:00:00	85.7357	120.8132	13	 334	1.4154	1	34.9047	1	6.8235	1	...1.3985	1	1.3986	35.0715	27.9433	1	7.76	87.96	30.3430	1	-0.1194	0	98.3369	0	0.0083	0	NaN	0	NaN	0	NaN	0
PS122/1_8-71	2019-11-22T03:00:00	85.7357	120.8132	14	 334	1.4177	1	34.9058	1	6.9299	1	...1.4007	1	1.4009	35.0726	27.9440	1	7.76	89.34	30.3458	1	-0.1350	0	98.3131	0	0.0089	0	NaN	0	NaN	0	NaN	0
PS122/1_8-71	2019-11-22T03:00:00	85.7357	120.8132	15	 334	1.4150	1	34.9058	1	6.9181	1	...1.3981	1	1.3982	35.0726	27.9442	1	7.76	89.18	30.3435	1	-0.1347	0	98.3412	0	0.0088	0	NaN	0	NaN	0	NaN	0
PS122/1_8-71	2019-11-22T03:00:00	85.7357	120.8132	16	 202	1.2587	1	34.8416	1	6.8568	1	...1.2494	1	1.2490	35.0080	27.9032	1	7.79	88.00	30.0971	1	-0.1334	0	98.2910	0	0.0088	0	NaN	0	NaN	0	NaN	0
PS122/1_8-71	2019-11-22T03:00:00	85.7357	120.8132	17	 152	0.7216	1	34.6893	1	6.9325	1	...0.7168	1	0.7151	34.8550	27.8164	1	7.91	87.64	29.4913	1	-0.1191	0	98.2943	0	0.0088	0	NaN	0	NaN	0	NaN	0
PS122/1_8-71	2019-11-22T03:00:00	85.7357	120.8132	18	 152	0.7584	1	34.7126	1	6.9316	1	...0.7534	1	0.7519	34.8784	27.8328	1	7.90	87.73	29.5410	1	-0.1246	0	98.3013	0	0.0088	0	NaN	0	NaN	0	NaN	0
PS122/1_8-71	2019-11-22T03:00:00	85.7357	120.8132	19	 101	-0.7424	1	34.4610	1	7.4281	1	...-0.7420	1	-0.7453	34.6256	27.7095	1	8.24	90.18	28.0494	1	-0.1048	0	98.2651	0	0.0087	0	NaN	0	NaN	0	NaN	0
PS122/1_8-71	2019-11-22T03:00:00	85.7357	120.8132	20	 101	-0.7876	1	34.4718	1	7.4388	1	...-0.7872	1	-0.7905	34.6364	27.7201	1	8.25	90.21	28.0193	1	-0.1029	0	98.2661	0	0.0088	0	NaN	0	NaN	0	NaN	0
PS122/1_8-71	2019-11-22T03:00:00	85.7357	120.8132	21	  50	-1.7688	1	34.1463	1	8.1143	1	...-1.7657	1	-1.7697	34.3099	27.4908	1	8.49	95.59	26.9411	1	-0.0488	0	98.0809	0	0.0087	0	NaN	0	NaN	0	NaN	0
PS122/1_8-71	2019-11-22T03:00:00	85.7357	120.8132	22	  50	-1.7686	1	34.1368	1	8.1355	1	...-1.7655	1	-1.7695	34.3004	27.4830	1	8.49	95.83	26.9345	1	-0.0556	0	98.0842	0	0.0087	0	NaN	0	NaN	0	NaN	0
PS122/1_8-71	2019-11-22T03:00:00	85.7357	120.8132	23	  10	-1.7879	1	32.7011	1	8.5956	1	...-1.7822	1	-1.7881	32.8575	26.3171	1	8.58	100.20	25.8696	1	-0.0621	0	97.8217	0	0.0086	0	NaN	0	NaN	0	NaN	0
PS122/1_8-71	2019-11-22T03:00:00	85.7357	120.8132	24	  10	-1.7870	1	32.7018	1	8.5757	1	...-1.7813	1	-1.7872	32.8582	26.3177	1	8.58	99.97	25.8708	1	-0.0556	0	97.8217	0	0.0086	0	NaN	0	NaN	0	NaN	0
PS122/1_8-98	2019-11-23T08:59:00	85.7373	120.4130	 1	1013	-0.1144	1	34.8964	1	7.5959	1	...-0.1567	1	-0.1584	35.0638	28.0342	1	8.08	94.06	29.3166	1	-0.1275	0	98.3936	0	0.0098	0	NaN	0	NaN	0	NaN	0
PS122/1_8-98	2019-11-23T08:59:00	85.7373	120.4130	 2	1013	-0.1145	1	34.8964	1	7.5973	1	...-0.1568	1	-0.1585	35.0638	28.0342	1	8.08	94.08	29.3165	1	-0.1324	0	98.3612	0	0.0099	0	NaN	0	NaN	0	NaN	0
PS122/1_8-98	2019-11-23T08:59:00	85.7373	120.4130	 3	 506	0.9061	1	34.8971	1	7.5657	1	...0.8825	1	0.8820	35.0640	27.9730	1	7.86	96.24	29.9724	1	-0.1350	0	98.3412	0	0.0092	0	NaN	0	NaN	0	NaN	0
PS122/1_8-98	2019-11-23T08:59:00	85.7373	120.4130	 4	 506	0.9057	1	34.8970	1	7.5687	1	...0.8821	1	0.8816	35.0639	27.9729	1	7.86	96.28	29.9719	1	-0.1350	0	98.3471	0	0.0092	0	NaN	0	NaN	0	NaN	0
PS122/1_8-98	2019-11-23T08:59:00	85.7373	120.4130	 5	 506	0.9051	1	34.8970	1	7.5664	1	...0.8815	1	0.8810	35.0639	27.9730	1	7.86	96.25	29.9714	1	-0.1269	0	98.3590	0	0.0092	0	NaN	0	NaN	0	NaN	0
PS122/1_8-98	2019-11-23T08:59:00	85.7373	120.4130	 6	 334	1.4134	1	34.9061	1	7.5161	1	...1.3965	1	1.3966	35.0729	27.9445	1	7.76	96.89	30.3423	1	-0.1353	0	98.3790	0	0.0091	0	NaN	0	NaN	0	NaN	0
PS122/1_8-98	2019-11-23T08:59:00	85.7373	120.4130	 7	 334	1.4132	1	34.9061	1	7.5173	1	...1.3963	1	1.3964	35.0729	27.9446	1	7.76	96.90	30.3421	1	-0.1427	0	98.3849	0	0.0091	0	NaN	0	NaN	0	NaN	0
PS122/1_8-98	2019-11-23T08:59:00	85.7373	120.4130	 8	 334	1.4129	1	34.9062	1	7.5256	1	...1.3960	1	1.3961	35.0730	27.9447	1	7.76	97.01	30.3419	1	-0.1350	0	98.3855	0	0.0093	0	NaN	0	NaN	0	NaN	0
PS122/1_8-98	2019-11-23T08:59:00	85.7373	120.4130	 9	 202	1.2349	1	34.8384	1	7.4420	1	...1.2257	1	1.2253	35.0048	27.9023	1	7.80	95.45	30.0740	1	-0.1282	0	98.3520	0	0.0091	0	NaN	0	NaN	0	NaN	0
PS122/1_8-98	2019-11-23T08:59:00	85.7373	120.4130	10	 202	1.2366	1	34.8386	1	7.4436	1	...1.2274	1	1.2270	35.0050	27.9024	1	7.80	95.47	30.0756	1	-0.1275	0	98.3655	0	0.0094	0	NaN	0	NaN	0	NaN	0
PS122/1_8-98	2019-11-23T08:59:00	85.7373	120.4130	11	 152	0.6870	1	34.7175	1	7.5500	1	...0.6821	1	0.6806	34.8833	27.8412	1	7.92	95.38	29.4832	1	-0.1266	0	98.3336	0	0.0093	0	NaN	0	NaN	0	NaN	0
PS122/1_8-98	2019-11-23T08:59:00	85.7373	120.4130	12	 152	0.6641	1	34.7185	1	7.5459	1	...0.6592	1	0.6577	34.8843	27.8435	1	7.92	95.27	29.4643	1	-0.1191	0	98.3234	0	0.0091	0	NaN	0	NaN	0	NaN	0
PS122/1_8-98	2019-11-23T08:59:00	85.7373	120.4130	13	 101	-0.8957	1	34.4325	1	8.0739	1	...-0.8951	1	-0.8985	34.5969	27.6928	1	8.27	97.60	27.8996	1	-0.1129	0	98.3169	0	0.0091	0	NaN	0	NaN	0	NaN	0
PS122/1_8-98	2019-11-23T08:59:00	85.7373	120.4130	14	 101	-0.9005	1	34.4301	1	8.0788	1	...-0.8999	1	-0.9033	34.5945	27.6910	1	8.27	97.64	27.8938	1	-0.1032	0	98.3093	0	0.0093	0	NaN	0	NaN	0	NaN	0
PS122/1_8-98	2019-11-23T08:59:00	85.7373	120.4130	15	  50	-1.7498	1	34.0894	1	8.9394	1	...-1.7466	1	-1.7507	34.2528	27.4440	1	8.49	105.32	26.9160	1	-0.0348	0	98.1122	0	0.0090	0	NaN	0	NaN	0	NaN	0
PS122/1_8-98	2019-11-23T08:59:00	85.7373	120.4130	16	  50	-1.7482	1	34.0854	1	8.9449	1	...-1.7450	1	-1.7491	34.2487	27.4407	1	8.49	105.39	26.9144	1	-0.0475	0	98.1095	0	0.0093	0	NaN	0	NaN	0	NaN	0
PS122/1_8-98	2019-11-23T08:59:00	85.7373	120.4130	17	  50	-1.7475	1	34.0826	1	8.9492	1	...-1.7443	1	-1.7484	34.2459	27.4384	1	8.49	105.44	26.9130	1	-0.0459	0	98.1100	0	0.0090	0	NaN	0	NaN	0	NaN	0
PS122/1_8-98	2019-11-23T08:59:00	85.7373	120.4130	18	  40	-1.7247	1	33.8413	1	8.9879	1	...-1.7210	1	-1.7255	34.0031	27.2415	1	8.50	105.79	26.7541	1	-0.0238	0	98.0145	0	0.0090	0	NaN	0	NaN	0	NaN	0
PS122/1_8-98	2019-11-23T08:59:00	85.7373	120.4130	19	  40	-1.7227	1	33.8460	1	8.9898	1	...-1.7190	1	-1.7235	34.0078	27.2453	1	8.50	105.82	26.7591	1	-0.0319	0	98.0042	0	0.0090	0	NaN	0	NaN	0	NaN	0
PS122/1_8-98	2019-11-23T08:59:00	85.7373	120.4130	20	  40	-1.7236	1	33.8395	1	8.9883	1	...-1.7199	1	-1.7244	34.0013	27.2400	1	8.50	105.79	26.7537	1	-0.0306	0	98.0086	0	0.0092	0	NaN	0	NaN	0	NaN	0
PS122/1_8-98	2019-11-23T08:59:00	85.7373	120.4130	21	  10	-1.7933	1	32.7143	1	9.3902	1	...-1.7877	1	-1.7935	32.8707	26.3279	1	8.58	109.46	25.8748	1	-0.0556	0	97.8979	0	0.0089	0	NaN	0	NaN	0	NaN	0
PS122/1_8-98	2019-11-23T08:59:00	85.7373	120.4130	22	  10	-1.7932	1	32.7141	1	9.3891	1	...-1.7876	1	-1.7934	32.8705	26.3278	1	8.58	109.44	25.8747	1	-0.0556	0	97.8839	0	0.0091	0	NaN	0	NaN	0	NaN	0
PS122/1_8-98	2019-11-23T08:59:00	85.7373	120.4130	23	   2	-1.7951	1	32.7137	1	9.3840	1	...-1.7894	1	-1.7952	32.8698	26.3273	1	8.58	109.38	25.8693	1	-0.0478	0	97.8633	0	0.0089	0	NaN	0	NaN	0	NaN	0
PS122/1_8-98	2019-11-23T08:59:00	85.7373	120.4130	24	   2	-1.7949	1	32.7136	1	9.3830	1	...-1.7892	1	-1.7950	32.8697	26.3272	1	8.58	109.37	25.8694	1	-0.0488	0	97.8736	0	0.0089	0	NaN	0	NaN	0	NaN	0
PS122/1_9-50	2019-11-28T08:28:00	86.1622	116.8502	 1	4358	-0.6321	1	34.9353	1	6.7009	1	...-0.9232	1	-0.9263	35.1043	28.1027	1	8.19	81.86	30.1940	1	-0.1292	0	98.4114	0	0.0000	0	NaN	0	NaN	0	NaN	0
PS122/1_9-50	2019-11-28T08:28:00	86.1622	116.8502	 2	4082	-0.6604	1	34.9355	1	6.7157	1	...-0.9232	1	-0.9263	35.1045	28.1028	1	8.19	81.98	30.0758	1	-0.1288	0	98.4033	0	0.0000	0	NaN	0	NaN	0	NaN	0
PS122/1_9-50	2019-11-28T08:28:00	86.1622	116.8502	 3	3568	-0.7115	1	34.9306	1	6.7400	1	...-0.9246	1	-0.9276	35.0994	28.0988	1	8.20	82.16	29.8471	1	-0.1369	0	98.4406	0	0.0000	0	NaN	0	NaN	0	NaN	0
PS122/1_9-50	2019-11-28T08:28:00	86.1622	116.8502	 4	3055	-0.7298	1	34.9228	1	6.7651	1	...-0.8985	1	-0.9014	35.0916	28.0914	1	8.21	82.42	29.6371	1	-0.1369	0	98.4768	0	0.0100	0	NaN	0	NaN	0	NaN	0
PS122/1_9-50	2019-11-28T08:28:00	86.1622	116.8502	 5	2545	-0.6935	1	34.9159	1	6.7695	1	...-0.8234	1	-0.8261	35.0846	28.0826	1	8.20	82.55	29.4679	1	-0.1262	0	98.4757	0	0.0098	0	NaN	0	NaN	0	NaN	0
PS122/1_9-50	2019-11-28T08:28:00	86.1622	116.8502	 6	1930	-0.4957	1	34.9267	1	6.7062	1	...-0.5869	1	-0.5891	35.0955	28.0807	1	8.16	82.22	29.3997	1	-0.1366	0	98.4967	0	0.0099	0	NaN	0	NaN	0	NaN	0
PS122/1_9-50	2019-11-28T08:28:00	86.1622	116.8502	 7	1523	-0.4867	1	34.9153	1	6.7925	1	...-0.5529	1	-0.5550	35.0838	28.0698	1	8.15	83.29	29.2303	1	-0.1353	0	98.4060	0	0.0099	0	NaN	0	NaN	0	NaN	0
PS122/1_9-50	2019-11-28T08:28:00	86.1622	116.8502	 8	1014	-0.1984	1	34.9021	1	6.9681	1	...-0.2400	1	-0.2417	35.0696	28.0430	1	8.09	86.10	29.2494	1	-0.1356	0	98.4530	0	0.0098	0	NaN	0	NaN	0	NaN	0
PS122/1_9-50	2019-11-28T08:28:00	86.1622	116.8502	 9	1014	-0.1982	1	34.9021	1	6.9680	1	...-0.2398	1	-0.2415	35.0696	28.0430	1	8.09	86.10	29.2496	1	-0.1418	0	98.4406	0	0.0099	0	NaN	0	NaN	0	NaN	0
PS122/1_9-50	2019-11-28T08:28:00	86.1622	116.8502	10	 760	0.1680	1	34.8931	1	6.9803	1	...0.1362	1	0.1349	35.0602	28.0154	1	8.02	87.09	29.4454	1	-0.1272	0	98.4179	0	0.0098	0	NaN	0	NaN	0	NaN	0
PS122/1_9-50	2019-11-28T08:28:00	86.1622	116.8502	11	 506	0.7758	1	34.8936	1	6.9719	1	...0.7529	1	0.7523	35.0605	27.9786	1	7.89	88.39	29.8568	1	-0.1343	0	98.4255	0	0.0098	0	NaN	0	NaN	0	NaN	0
PS122/1_9-50	2019-11-28T08:28:00	86.1622	116.8502	12	 243	1.3923	1	34.8781	1	6.9222	1	...1.3804	1	1.3803	35.0448	27.9232	1	7.76	89.16	30.2604	1	-0.1334	0	98.4071	0	0.0098	0	NaN	0	NaN	0	NaN	0
PS122/1_9-50	2019-11-28T08:28:00	86.1622	116.8502	13	 202	1.2039	1	34.8380	1	6.8951	1	...1.1948	1	1.1943	35.0044	27.9041	1	7.80	88.36	30.0467	1	-0.1421	0	98.4065	0	0.0098	0	NaN	0	NaN	0	NaN	0
PS122/1_9-50	2019-11-28T08:28:00	86.1622	116.8502	14	 152	0.9980	1	34.7901	1	6.9825	1	...0.9920	1	0.9912	34.9562	27.8795	1	7.85	88.97	29.8077	1	-0.1259	0	98.3817	0	0.0097	0	NaN	0	NaN	0	NaN	0
PS122/1_9-50	2019-11-28T08:28:00	86.1622	116.8502	15	 101	-0.7592	1	34.4644	1	7.4673	1	...-0.7588	1	-0.7621	34.6289	27.7129	1	8.24	90.62	28.0378	1	-0.1266	0	98.3526	0	0.0098	0	NaN	0	NaN	0	NaN	0
PS122/1_9-50	2019-11-28T08:28:00	86.1622	116.8502	16	  76	-1.4194	1	34.3420	1	7.5585	1	...-1.4174	1	-1.4211	34.5061	27.6387	1	8.40	90.02	27.3836	1	-0.1149	0	98.3013	0	0.0097	0	NaN	0	NaN	0	NaN	0
PS122/1_9-50	2019-11-28T08:28:00	86.1622	116.8502	17	  50	-1.7244	1	34.0666	1	7.9063	1	...-1.7212	1	-1.7254	34.2299	27.4248	1	8.48	93.20	26.9206	1	-0.0741	0	98.2364	0	0.0097	0	NaN	0	NaN	0	NaN	0
PS122/1_9-50	2019-11-28T08:28:00	86.1622	116.8502	18	  30	-1.7446	1	32.8756	1	8.4567	1	...-1.7394	1	-1.7451	33.0330	26.4580	1	8.56	98.82	26.0388	1	-0.0478	0	97.9195	0	0.0096	0	NaN	0	NaN	0	NaN	0
PS122/1_9-50	2019-11-28T08:28:00	86.1622	116.8502	19	  20	-1.7760	1	32.4497	1	8.5139	1	...-1.7702	1	-1.7763	32.6046	26.1125	1	8.59	99.11	25.7025	1	-0.0514	0	97.8736	0	0.0096	0	NaN	0	NaN	0	NaN	0
PS122/1_9-50	2019-11-28T08:28:00	86.1622	116.8502	20	  20	-1.7734	1	32.4492	1	8.5208	1	...-1.7676	1	-1.7737	32.6041	26.1120	1	8.59	99.19	25.7042	1	-0.0031	0	97.8698	0	0.0097	0	NaN	0	NaN	0	NaN	0
PS122/1_9-50	2019-11-28T08:28:00	86.1622	116.8502	21	  10	-1.7752	1	32.4334	1	8.5252	1	...-1.7692	1	-1.7754	32.5885	26.0994	1	8.59	99.23	25.6868	1	-0.0556	0	97.8947	0	0.0096	0	NaN	0	NaN	0	NaN	0
PS122/1_9-50	2019-11-28T08:28:00	86.1622	116.8502	22	   5	-1.7755	1	32.4336	1	8.5255	1	...-1.7695	1	-1.7756	32.5885	26.0994	1	8.59	99.23	25.6845	1	-0.0472	0	97.8914	0	0.0096	0	NaN	0	NaN	0	NaN	0
PS122/1_9-50	2019-11-28T08:28:00	86.1622	116.8502	23	   2	-1.7704	1	32.4336	1	8.5365	1	...-1.7643	1	-1.7705	32.5884	26.0992	1	8.59	99.37	25.6872	1	-0.0475	0	97.8925	0	0.0096	0	NaN	0	NaN	0	NaN	0
PS122/1_9-50	2019-11-28T08:28:00	86.1622	116.8502	24	   2	-1.7697	1	32.4338	1	8.5294	1	...-1.7636	1	-1.7698	32.5886	26.0993	1	8.59	99.29	25.6879	1	-0.0488	0	97.8898	0	0.0096	0	NaN	0	NaN	0	NaN	0
PS122/1_9-61	2019-11-29T04:00:00	86.1223	115.0373	 1	 506	0.8230	1	34.8953	1	6.9773	1	...0.7998	1	0.7993	35.0622	27.9769	1	7.88	88.56	29.8990	1	-0.1197	0	98.4017	0	0.0098	0	NaN	0	NaN	0	NaN	0
PS122/1_9-61	2019-11-29T04:00:00	86.1223	115.0373	 2	 506	0.8238	1	34.8952	1	6.9770	1	...0.8006	1	0.8001	35.0621	27.9768	1	7.88	88.56	29.8996	1	-0.1350	0	98.3979	0	0.0099	0	NaN	0	NaN	0	NaN	0
PS122/1_9-61	2019-11-29T04:00:00	86.1223	115.0373	 3	 324	1.3941	1	34.9042	1	6.9449	1	...1.3778	1	1.3779	35.0710	27.9444	1	7.76	89.48	30.3195	1	-0.1233	0	98.3795	0	0.0096	0	NaN	0	NaN	0	NaN	0
PS122/1_9-61	2019-11-29T04:00:00	86.1223	115.0373	 4	 324	1.3947	1	34.9042	1	6.9381	1	...1.3784	1	1.3785	35.0710	27.9443	1	7.76	89.39	30.3200	1	-0.1350	0	98.3752	0	0.0096	0	NaN	0	NaN	0	NaN	0
PS122/1_9-61	2019-11-29T04:00:00	86.1223	115.0373	 5	 151	0.3608	1	34.6608	1	7.0258	1	...0.3568	1	0.3548	34.8263	27.8152	1	7.99	87.97	29.1596	1	-0.1191	0	98.3725	0	0.0097	0	NaN	0	NaN	0	NaN	0
PS122/1_9-61	2019-11-29T04:00:00	86.1223	115.0373	 6	 151	0.3495	1	34.6578	1	7.0285	1	...0.3456	1	0.3435	34.8233	27.8135	1	7.99	87.97	29.1476	1	-0.1191	0	98.3612	0	0.0098	0	NaN	0	NaN	0	NaN	0
PS122/1_9-61	2019-11-29T04:00:00	86.1223	115.0373	 7	 101	-1.0151	1	34.4239	1	7.5396	1	...-1.0143	1	-1.0178	34.5882	27.6905	1	8.30	90.84	27.7928	1	-0.1116	0	98.3018	0	0.0097	0	NaN	0	NaN	0	NaN	0
PS122/1_9-61	2019-11-29T04:00:00	86.1223	115.0373	 8	 101	-1.0176	1	34.4248	1	7.5369	1	...-1.0168	1	-1.0203	34.5891	27.6913	1	8.30	90.80	27.7914	1	-0.1126	0	98.3201	0	0.0097	0	NaN	0	NaN	0	NaN	0
PS122/1_9-61	2019-11-29T04:00:00	86.1223	115.0373	 9	  20	-1.7858	1	32.6153	1	8.5771	1	...-1.7802	1	-1.7861	32.7710	26.2472	1	8.58	99.93	25.8139	1	-0.0582	0	97.8919	0	0.0095	0	NaN	0	NaN	0	NaN	0
PS122/1_9-61	2019-11-29T04:00:00	86.1223	115.0373	10	  20	-1.7848	1	32.6161	1	8.5747	1	...-1.7792	1	-1.7851	32.7718	26.2478	1	8.58	99.91	25.8153	1	-0.0556	0	97.8795	0	0.0096	0	NaN	0	NaN	0	NaN	0
PS122/1_9-61	2019-11-29T04:00:00	86.1223	115.0373	11	  20	-1.7844	1	32.6167	1	8.5772	1	...-1.7788	1	-1.7847	32.7724	26.2483	1	8.58	99.94	25.8161	1	-0.0637	0	97.8947	0	0.0095	0	NaN	0	NaN	0	NaN	0
PS122/1_9-61	2019-11-29T04:00:00	86.1223	115.0373	12	  20	-1.7828	1	32.6160	1	8.5757	1	...-1.7772	1	-1.7831	32.7717	26.2477	1	8.58	99.92	25.8168	1	-0.0631	0	97.8984	0	0.0095	0	NaN	0	NaN	0	NaN	0
PS122/1_9-61	2019-11-29T04:00:00	86.1223	115.0373	13	  20	-1.7829	1	32.6187	1	8.5814	1	...-1.7773	1	-1.7832	32.7744	26.2498	1	8.58	99.99	25.8187	1	-0.0491	0	97.8865	0	0.0095	0	NaN	0	NaN	0	NaN	0
PS122/1_9-61	2019-11-29T04:00:00	86.1223	115.0373	14	  20	-1.7842	1	32.6180	1	8.5694	1	...-1.7786	1	-1.7845	32.7737	26.2493	1	8.58	99.85	25.8171	1	-0.0644	0	97.8909	0	0.0095	0	NaN	0	NaN	0	NaN	0
PS122/1_9-61	2019-11-29T04:00:00	86.1223	115.0373	15	  20	-1.7830	1	32.6187	1	8.5722	1	...-1.7774	1	-1.7833	32.7744	26.2498	1	8.58	99.88	25.8186	1	-0.0621	0	97.9011	0	0.0096	0	NaN	0	NaN	0	NaN	0
PS122/1_9-61	2019-11-29T04:00:00	86.1223	115.0373	16	  20	-1.7832	1	32.6182	1	8.5762	1	...-1.7776	1	-1.7835	32.7739	26.2494	1	8.58	99.93	25.8181	1	-0.0640	0	97.8855	0	0.0095	0	NaN	0	NaN	0	NaN	0
PS122/1_9-61	2019-11-29T04:00:00	86.1223	115.0373	17	  20	-1.7831	1	32.6197	1	8.5701	1	...-1.7775	1	-1.7834	32.7754	26.2507	1	8.58	99.86	25.8192	1	-0.0556	0	97.9038	0	0.0095	0	NaN	0	NaN	0	NaN	0
PS122/1_9-61	2019-11-29T04:00:00	86.1223	115.0373	18	  20	-1.7839	1	32.6190	1	8.5792	1	...-1.7783	1	-1.7842	32.7747	26.2501	1	8.58	99.96	25.8181	1	-0.0640	0	97.8892	0	0.0096	0	NaN	0	NaN	0	NaN	0
PS122/1_9-61	2019-11-29T04:00:00	86.1223	115.0373	19	  20	-1.7841	1	32.6187	1	8.5757	1	...-1.7785	1	-1.7844	32.7744	26.2499	1	8.58	99.92	25.8177	1	-0.0605	0	97.8898	0	0.0095	0	NaN	0	NaN	0	NaN	0
PS122/1_9-61	2019-11-29T04:00:00	86.1223	115.0373	20	  20	-1.7831	1	32.6195	1	8.5769	1	...-1.7775	1	-1.7834	32.7752	26.2505	1	8.58	99.94	25.8191	1	-0.0556	0	97.9006	0	0.0096	0	NaN	0	NaN	0	NaN	0
PS122/1_9-61	2019-11-29T04:00:00	86.1223	115.0373	21	  20	-1.7845	1	32.6226	1	8.5748	1	...-1.7789	1	-1.7848	32.7783	26.2531	1	8.58	99.91	25.8202	1	-0.0559	0	97.8963	0	0.0095	0	NaN	0	NaN	0	NaN	0
PS122/1_9-61	2019-11-29T04:00:00	86.1223	115.0373	22	  20	-1.7855	1	32.6283	1	8.5800	1	...-1.7799	1	-1.7858	32.7840	26.2577	1	8.58	99.97	25.8235	1	-0.0514	0	97.8957	0	0.0094	0	NaN	0	NaN	0	NaN	0
PS122/1_9-61	2019-11-29T04:00:00	86.1223	115.0373	23	   5	-1.7872	1	32.6039	1	8.5772	1	...-1.7814	1	-1.7873	32.7595	26.2379	1	8.58	99.92	25.7979	1	-0.0559	0	97.9017	0	0.0095	0	NaN	0	NaN	0	NaN	0
PS122/1_9-61	2019-11-29T04:00:00	86.1223	115.0373	24	   5	-1.7871	1	32.6036	1	8.5754	1	...-1.7813	1	-1.7872	32.7592	26.2377	1	8.58	99.90	25.7978	1	-0.0627	0	97.9081	0	0.0095	0	NaN	0	NaN	0	NaN	0
PS122/1_9-67	2019-11-29T09:33:00	86.1115	114.4548	 1	 243	1.3552	1	34.8767	1	6.9087	1	...1.3434	1	1.3433	35.0433	27.9247	1	7.77	88.90	30.2270	1	-0.1360	0	98.4060	0	0.0096	0	NaN	0	NaN	0	NaN	0
PS122/1_9-67	2019-11-29T09:33:00	86.1115	114.4548	 2	 243	1.3551	1	34.8767	1	6.9031	1	...1.3433	1	1.3432	35.0433	27.9247	1	7.77	88.83	30.2269	1	-0.1356	0	98.3876	0	0.0096	0	NaN	0	NaN	0	NaN	0
PS122/1_9-67	2019-11-29T09:33:00	86.1115	114.4548	 3	 202	1.1602	1	34.8333	1	6.8784	1	...1.1512	1	1.1507	34.9997	27.9034	1	7.81	88.04	30.0049	1	-0.1353	0	98.3903	0	0.0097	0	NaN	0	NaN	0	NaN	0
PS122/1_9-67	2019-11-29T09:33:00	86.1115	114.4548	 4	 202	1.1605	1	34.8334	1	6.8810	1	...1.1515	1	1.1510	34.9998	27.9034	1	7.81	88.08	30.0053	1	-0.1314	0	98.3682	0	0.0096	0	NaN	0	NaN	0	NaN	0
PS122/1_9-67	2019-11-29T09:33:00	86.1115	114.4548	 5	 202	1.1630	1	34.8337	1	6.8811	1	...1.1540	1	1.1535	35.0001	27.9035	1	7.81	88.08	30.0077	1	-0.1350	0	98.3892	0	0.0096	0	NaN	0	NaN	0	NaN	0
PS122/1_9-67	2019-11-29T09:33:00	86.1115	114.4548	 6	 202	1.1657	1	34.8338	1	6.8810	1	...1.1567	1	1.1562	35.0002	27.9034	1	7.81	88.09	30.0101	1	-0.1350	0	98.3930	0	0.0096	0	NaN	0	NaN	0	NaN	0
PS122/1_9-67	2019-11-29T09:33:00	86.1115	114.4548	 7	 101	-0.9846	1	34.4273	1	7.5319	1	...-0.9838	1	-0.9873	34.5916	27.6920	1	8.29	90.82	27.8208	1	-0.1194	0	98.3013	0	0.0096	0	NaN	0	NaN	0	NaN	0
PS122/1_9-67	2019-11-29T09:33:00	86.1115	114.4548	 8	 101	-0.9848	1	34.4276	1	7.5451	1	...-0.9840	1	-0.9875	34.5919	27.6923	1	8.29	90.98	27.8208	1	-0.1123	0	98.3153	0	0.0097	0	NaN	0	NaN	0	NaN	0
PS122/1_9-67	2019-11-29T09:33:00	86.1115	114.4548	 9	 101	-0.9902	1	34.4265	1	7.5434	1	...-0.9894	1	-0.9929	34.5908	27.6916	1	8.29	90.95	27.8155	1	-0.1201	0	98.3158	0	0.0096	0	NaN	0	NaN	0	NaN	0
PS122/1_9-67	2019-11-29T09:33:00	86.1115	114.4548	10	 101	-0.9984	1	34.4253	1	7.5444	1	...-0.9976	1	-1.0011	34.5896	27.6909	1	8.30	90.94	27.8077	1	-0.1197	0	98.3190	0	0.0097	0	NaN	0	NaN	0	NaN	0
PS122/1_9-67	2019-11-29T09:33:00	86.1115	114.4548	11	  50	-1.7277	1	33.8352	1	8.1402	1	...-1.7241	1	-1.7286	33.9973	27.2369	1	8.50	95.80	26.7516	1	-0.0588	0	98.1198	0	0.0096	0	NaN	0	NaN	0	NaN	0
PS122/1_9-67	2019-11-29T09:33:00	86.1115	114.4548	12	  50	-1.7259	1	33.8418	1	8.1364	1	...-1.7223	1	-1.7268	34.0039	27.2422	1	8.50	95.76	26.7578	1	-0.0828	0	98.1387	0	0.0096	0	NaN	0	NaN	0	NaN	0
PS122/1_9-67	2019-11-29T09:33:00	86.1115	114.4548	13	  50	-1.7280	1	33.8299	1	8.1393	1	...-1.7244	1	-1.7289	33.9920	27.2326	1	8.50	95.78	26.7476	1	-0.0731	0	98.1338	0	0.0095	0	NaN	0	NaN	0	NaN	0
PS122/1_9-67	2019-11-29T09:33:00	86.1115	114.4548	14	  50	-1.7314	1	33.8195	1	8.1560	1	...-1.7278	1	-1.7323	33.9815	27.2243	1	8.50	95.96	26.7373	1	-0.0783	0	98.1582	0	0.0096	0	NaN	0	NaN	0	NaN	0
PS122/1_9-67	2019-11-29T09:33:00	86.1115	114.4548	15	  40	-1.7241	1	33.4112	1	8.2664	1	...-1.7197	1	-1.7248	33.5709	26.8922	1	8.52	97.01	26.4453	1	-0.0478	0	98.0464	0	0.0095	0	NaN	0	NaN	0	NaN	0
PS122/1_9-67	2019-11-29T09:33:00	86.1115	114.4548	16	  40	-1.7237	1	33.4153	1	8.2601	1	...-1.7193	1	-1.7244	33.5750	26.8955	1	8.52	96.94	26.4486	1	-0.0494	0	98.0755	0	0.0096	0	NaN	0	NaN	0	NaN	0
PS122/1_9-67	2019-11-29T09:33:00	86.1115	114.4548	17	  40	-1.7248	1	33.4127	1	8.2704	1	...-1.7204	1	-1.7255	33.5724	26.8934	1	8.52	97.05	26.4458	1	-0.0556	0	98.0496	0	0.0095	0	NaN	0	NaN	0	NaN	0
PS122/1_9-67	2019-11-29T09:33:00	86.1115	114.4548	18	  10	-1.7890	1	32.6582	1	8.5826	1	...-1.7833	1	-1.7892	32.8143	26.2822	1	8.58	100.02	25.8377	1	-0.0559	0	97.9044	0	0.0094	0	NaN	0	NaN	0	NaN	0
PS122/1_9-67	2019-11-29T09:33:00	86.1115	114.4548	19	  10	-1.7848	1	32.6580	1	8.5746	1	...-1.7791	1	-1.7850	32.8141	26.2820	1	8.58	99.93	25.8409	1	-0.0556	0	97.8909	0	0.0094	0	NaN	0	NaN	0	NaN	0
PS122/1_9-67	2019-11-29T09:33:00	86.1115	114.4548	20	  10	-1.7790	1	32.6580	1	8.5731	1	...-1.7733	1	-1.7792	32.8141	26.2819	1	8.58	99.93	25.8455	1	-0.0559	0	97.8903	0	0.0094	0	NaN	0	NaN	0	NaN	0
PS122/1_9-67	2019-11-29T09:33:00	86.1115	114.4548	21	   2	-1.7909	1	32.6501	1	8.5768	1	...-1.7851	1	-1.7910	32.8058	26.2754	1	8.58	99.94	25.8267	1	-0.0501	0	97.7531	0	0.0095	0	NaN	0	NaN	0	NaN	0
PS122/1_9-67	2019-11-29T09:33:00	86.1115	114.4548	22	   2	-1.7909	1	32.6498	1	8.5705	1	...-1.7851	1	-1.7910	32.8055	26.2751	1	8.58	99.86	25.8265	1	-0.0446	0	97.8315	0	0.0094	0	NaN	0	NaN	0	NaN	0
PS122/1_9-67	2019-11-29T09:33:00	86.1115	114.4548	23	   2	-1.7909	1	32.6497	1	8.5637	1	...-1.7851	1	-1.7910	32.8054	26.2751	1	8.58	99.78	25.8264	1	-0.0556	0	97.8498	0	0.0094	0	NaN	0	NaN	0	NaN	0
PS122/1_9-67	2019-11-29T09:33:00	86.1115	114.4548	24	   2	-1.7909	1	32.6498	1	8.5790	1	...-1.7851	1	-1.7910	32.8055	26.2751	1	8.58	99.96	25.8265	1	-0.0556	0	97.8563	0	0.0094	0	NaN	0	NaN	0	NaN	0
PS122/1_9-87	2019-11-30T10:19:00	86.0463	112.8925	 1	1013	-0.1102	1	34.9008	1	6.9846	1	...-0.1526	1	-0.1542	35.0683	28.0375	1	8.07	86.51	29.3235	1	-0.1356	0	98.4303	0	0.0097	0	NaN	0	NaN	0	NaN	0
PS122/1_9-87	2019-11-30T10:19:00	86.0463	112.8925	 2	1013	-0.1104	1	34.9008	1	6.9760	1	...-0.1528	1	-0.1544	35.0683	28.0375	1	8.07	86.40	29.3233	1	-0.1366	0	98.3828	0	0.0098	0	NaN	0	NaN	0	NaN	0
PS122/1_9-87	2019-11-30T10:19:00	86.0463	112.8925	 3	 506	0.9129	1	34.9008	1	6.9805	1	...0.8892	1	0.8888	35.0677	27.9755	1	7.86	88.82	29.9812	1	-0.1353	0	98.3979	0	0.0096	0	NaN	0	NaN	0	NaN	0
PS122/1_9-87	2019-11-30T10:19:00	86.0463	112.8925	 4	 506	0.9122	1	34.9010	1	6.9739	1	...0.8885	1	0.8881	35.0679	27.9757	1	7.86	88.73	29.9807	1	-0.1356	0	98.3736	0	0.0096	0	NaN	0	NaN	0	NaN	0
PS122/1_9-87	2019-11-30T10:19:00	86.0463	112.8925	 5	 324	1.3337	1	34.8944	1	6.9395	1	...1.3177	1	1.3176	35.0612	27.9408	1	7.77	89.26	30.2592	1	-0.1353	0	98.4168	0	0.0096	0	NaN	0	NaN	0	NaN	0
PS122/1_9-87	2019-11-30T10:19:00	86.0463	112.8925	 6	 324	1.3282	1	34.8935	1	6.9401	1	...1.3122	1	1.3121	35.0603	27.9405	1	7.78	89.26	30.2537	1	-0.1353	0	98.4212	0	0.0095	0	NaN	0	NaN	0	NaN	0
PS122/1_9-87	2019-11-30T10:19:00	86.0463	112.8925	 7	 202	1.2193	1	34.8371	1	6.8595	1	...1.2101	1	1.2097	35.0035	27.9023	1	7.80	87.94	30.0594	1	-0.1356	0	98.3811	0	0.0095	0	NaN	0	NaN	0	NaN	0
PS122/1_9-87	2019-11-30T10:19:00	86.0463	112.8925	 8	 202	1.2183	1	34.8369	1	6.8634	1	...1.2091	1	1.2087	35.0033	27.9022	1	7.80	87.99	30.0584	1	-0.1194	0	98.3763	0	0.0095	0	NaN	0	NaN	0	NaN	0
PS122/1_9-87	2019-11-30T10:19:00	86.0463	112.8925	 9	 202	1.2171	1	34.8370	1	6.8650	1	...1.2079	1	1.2075	35.0034	27.9024	1	7.80	88.00	30.0575	1	-0.1360	0	98.3790	0	0.0095	0	NaN	0	NaN	0	NaN	0
PS122/1_9-87	2019-11-30T10:19:00	86.0463	112.8925	10	 152	0.4840	1	34.6753	1	6.9796	1	...0.4797	1	0.4779	34.8409	27.8197	1	7.96	87.68	29.2764	1	-0.1194	0	98.3472	0	0.0095	0	NaN	0	NaN	0	NaN	0
PS122/1_9-87	2019-11-30T10:19:00	86.0463	112.8925	11	 152	0.4680	1	34.6729	1	6.9772	1	...0.4638	1	0.4619	34.8385	27.8187	1	7.96	87.61	29.2608	1	-0.1243	0	98.3477	0	0.0095	0	NaN	0	NaN	0	NaN	0
PS122/1_9-87	2019-11-30T10:19:00	86.0463	112.8925	12	 101	-0.7935	1	34.4531	1	7.4206	1	...-0.7931	1	-0.7964	34.6175	27.7051	1	8.25	89.96	28.0005	1	-0.1197	0	98.3255	0	0.0096	0	NaN	0	NaN	0	NaN	0
PS122/1_9-87	2019-11-30T10:19:00	86.0463	112.8925	13	 101	-0.8027	1	34.4511	1	7.4206	1	...-0.8022	1	-0.8056	34.6155	27.7039	1	8.25	89.94	27.9913	1	-0.1191	0	98.3288	0	0.0095	0	NaN	0	NaN	0	NaN	0
PS122/1_9-87	2019-11-30T10:19:00	86.0463	112.8925	14	 101	-0.8063	1	34.4533	1	7.4276	1	...-0.8058	1	-0.8092	34.6177	27.7058	1	8.25	90.02	27.9899	1	-0.1110	0	98.3223	0	0.0096	0	NaN	0	NaN	0	NaN	0
PS122/1_9-87	2019-11-30T10:19:00	86.0463	112.8925	15	  51	-1.7186	1	33.9061	1	8.3017	1	...-1.7152	1	-1.7195	34.0685	27.2942	1	8.49	97.77	26.8103	1	-0.0485	0	98.0750	0	0.0095	0	NaN	0	NaN	0	NaN	0
PS122/1_9-87	2019-11-30T10:19:00	86.0463	112.8925	16	  51	-1.7182	1	33.9077	1	8.3025	1	...-1.7148	1	-1.7191	34.0701	27.2955	1	8.49	97.78	26.8118	1	-0.0494	0	98.0469	0	0.0094	0	NaN	0	NaN	0	NaN	0
PS122/1_9-87	2019-11-30T10:19:00	86.0463	112.8925	17	  51	-1.7195	1	33.9054	1	8.3101	1	...-1.7160	1	-1.7204	34.0678	27.2937	1	8.49	97.87	26.8090	1	-0.0459	0	98.0771	0	0.0095	0	NaN	0	NaN	0	NaN	0
PS122/1_9-87	2019-11-30T10:19:00	86.0463	112.8925	18	  21	-1.7975	1	32.8400	1	8.6117	1	...-1.7922	1	-1.7978	32.9968	26.4299	1	8.57	100.46	25.9667	1	-0.0631	0	97.9249	0	0.0094	0	NaN	0	NaN	0	NaN	0
PS122/1_9-87	2019-11-30T10:19:00	86.0463	112.8925	19	  21	-1.7973	1	32.8394	1	8.6163	1	...-1.7920	1	-1.7976	32.9961	26.4294	1	8.57	100.51	25.9664	1	-0.0708	0	97.9087	0	0.0094	0	NaN	0	NaN	0	NaN	0
PS122/1_9-87	2019-11-30T10:19:00	86.0463	112.8925	20	  10	-1.7985	1	32.8119	1	8.5952	1	...-1.7930	1	-1.7987	32.9687	26.4073	1	8.57	100.24	25.9408	1	-0.0501	0	97.9114	0	0.0093	0	NaN	0	NaN	0	NaN	0
PS122/1_9-87	2019-11-30T10:19:00	86.0463	112.8925	21	  10	-1.7977	1	32.8115	1	8.5995	1	...-1.7922	1	-1.7979	32.9683	26.4069	1	8.57	100.29	25.9412	1	-0.0647	0	97.9259	0	0.0095	0	NaN	0	NaN	0	NaN	0
PS122/1_9-87	2019-11-30T10:19:00	86.0463	112.8925	22	   2	-1.7903	1	32.8113	1	8.6006	1	...-1.7847	1	-1.7904	32.9677	26.4063	1	8.57	100.33	25.9435	1	-0.0618	0	97.9151	0	0.0093	0	NaN	0	NaN	0	NaN	0
PS122/1_9-87	2019-11-30T10:19:00	86.0463	112.8925	23	   2	-1.7883	1	32.8115	1	8.6083	1	...-1.7827	1	-1.7884	32.9679	26.4064	1	8.57	100.42	25.9452	1	-0.0556	0	97.9211	0	0.0093	0	NaN	0	NaN	0	NaN	0
PS122/1_9-87	2019-11-30T10:19:00	86.0463	112.8925	24	   2	-1.7896	1	32.8115	1	8.5963	1	...-1.7840	1	-1.7897	32.9679	26.4064	1	8.57	100.28	25.9442	1	-0.0734	0	97.9108	0	0.0093	0	NaN	0	NaN	0	NaN	0
PS122/1_10-41	2019-12-05T05:08:00	86.1390	120.5032	 1	 253	1.4191	1	34.8795	1	6.9563	1	...1.4065	1	1.4065	35.0462	27.9224	1	7.76	89.67	30.2895	1	-0.1353	0	98.3455	0	0.0096	0	NaN	0	NaN	0	NaN	0
PS122/1_10-41	2019-12-05T05:08:00	86.1390	120.5032	 2	 253	1.4186	1	34.8794	1	6.9533	1	...1.4060	1	1.4060	35.0461	27.9224	1	7.76	89.63	30.2890	1	-0.1305	0	98.2802	0	0.0097	0	NaN	0	NaN	0	NaN	0
PS122/1_10-41	2019-12-05T05:08:00	86.1390	120.5032	 3	 202	1.2147	1	34.8382	1	6.9082	1	...1.2055	1	1.2051	35.0046	27.9036	1	7.80	88.55	30.0562	1	-0.1353	0	98.2823	0	0.0098	0	NaN	0	NaN	0	NaN	0
PS122/1_10-41	2019-12-05T05:08:00	86.1390	120.5032	 4	 202	1.2154	1	34.8381	1	6.9093	1	...1.2062	1	1.2058	35.0045	27.9034	1	7.80	88.57	30.0568	1	-0.1269	0	98.3212	0	0.0097	0	NaN	0	NaN	0	NaN	0
PS122/1_10-41	2019-12-05T05:08:00	86.1390	120.5032	 5	 202	1.2157	1	34.8381	1	6.9111	1	...1.2065	1	1.2061	35.0045	27.9034	1	7.80	88.59	30.0570	1	-0.1340	0	98.3439	0	0.0096	0	NaN	0	NaN	0	NaN	0
PS122/1_10-41	2019-12-05T05:08:00	86.1390	120.5032	 6	 202	1.2169	1	34.8383	1	6.9099	1	...1.2077	1	1.2073	35.0047	27.9035	1	7.80	88.58	30.0582	1	-0.1353	0	98.3223	0	0.0098	0	NaN	0	NaN	0	NaN	0
PS122/1_10-41	2019-12-05T05:08:00	86.1390	120.5032	 7	 101	-0.9684	1	34.4298	1	7.5316	1	...-0.9677	1	-0.9711	34.5942	27.6935	1	8.29	90.86	27.8364	1	-0.1165	0	98.2656	0	0.0096	0	NaN	0	NaN	0	NaN	0
PS122/1_10-41	2019-12-05T05:08:00	86.1390	120.5032	 8	 101	-0.9687	1	34.4295	1	7.5386	1	...-0.9680	1	-0.9714	34.5939	27.6933	1	8.29	90.95	27.8359	1	-0.1210	0	98.2618	0	0.0096	0	NaN	0	NaN	0	NaN	0
PS122/1_10-41	2019-12-05T05:08:00	86.1390	120.5032	 9	 101	-0.9667	1	34.4294	1	7.5370	1	...-0.9660	1	-0.9694	34.5938	27.6931	1	8.29	90.93	27.8375	1	-0.1191	0	98.2651	0	0.0096	0	NaN	0	NaN	0	NaN	0
PS122/1_10-41	2019-12-05T05:08:00	86.1390	120.5032	10	 101	-0.9706	1	34.4296	1	7.5365	1	...-0.9699	1	-0.9733	34.5940	27.6934	1	8.29	90.92	27.8344	1	-0.1191	0	98.2759	0	0.0097	0	NaN	0	NaN	0	NaN	0
PS122/1_10-41	2019-12-05T05:08:00	86.1390	120.5032	11	  50	-1.7276	1	33.9712	1	8.0176	1	...-1.7243	1	-1.7285	34.1341	27.3475	1	8.49	94.44	26.8495	1	-0.0796	0	98.1463	0	0.0096	0	NaN	0	NaN	0	NaN	0
PS122/1_10-41	2019-12-05T05:08:00	86.1390	120.5032	12	  50	-1.7281	1	33.9654	1	8.0276	1	...-1.7247	1	-1.7290	34.1282	27.3428	1	8.49	94.56	26.8450	1	-0.0873	0	98.1490	0	0.0097	0	NaN	0	NaN	0	NaN	0
PS122/1_10-41	2019-12-05T05:08:00	86.1390	120.5032	13	  50	-1.7280	1	33.9643	1	8.0266	1	...-1.7246	1	-1.7289	34.1271	27.3419	1	8.49	94.54	26.8443	1	-0.0630	0	98.1430	0	0.0096	0	NaN	0	NaN	0	NaN	0
PS122/1_10-41	2019-12-05T05:08:00	86.1390	120.5032	14	  50	-1.7243	1	33.9666	1	8.0119	1	...-1.7209	1	-1.7252	34.1295	27.3437	1	8.49	94.38	26.8490	1	-0.0805	0	98.1333	0	0.0096	0	NaN	0	NaN	0	NaN	0
PS122/1_10-41	2019-12-05T05:08:00	86.1390	120.5032	15	  20	-1.7702	1	32.4475	1	8.5864	1	...-1.7644	1	-1.7705	32.6024	26.1106	1	8.59	99.97	25.7054	1	-0.0660	0	97.8445	0	0.0095	0	NaN	0	NaN	0	NaN	0
PS122/1_10-41	2019-12-05T05:08:00	86.1390	120.5032	16	  20	-1.7755	1	32.4407	1	8.5926	1	...-1.7697	1	-1.7758	32.5956	26.1052	1	8.59	100.02	25.6963	1	-0.0556	0	97.8369	0	0.0096	0	NaN	0	NaN	0	NaN	0
PS122/1_10-41	2019-12-05T05:08:00	86.1390	120.5032	17	  20	-1.7729	1	32.4427	1	8.5967	1	...-1.7671	1	-1.7732	32.5976	26.1067	1	8.59	100.07	25.6998	1	-0.0611	0	97.8342	0	0.0095	0	NaN	0	NaN	0	NaN	0
PS122/1_10-41	2019-12-05T05:08:00	86.1390	120.5032	18	  10	-1.7747	1	32.4386	1	8.5893	1	...-1.7687	1	-1.7749	32.5938	26.1037	1	8.59	99.98	25.6910	1	-0.0556	0	97.8477	0	0.0096	0	NaN	0	NaN	0	NaN	0
PS122/1_10-41	2019-12-05T05:08:00	86.1390	120.5032	19	  10	-1.7741	1	32.4391	1	8.5915	1	...-1.7681	1	-1.7743	32.5943	26.1041	1	8.59	100.01	25.6919	1	-0.0631	0	97.8428	0	0.0094	0	NaN	0	NaN	0	NaN	0
PS122/1_10-41	2019-12-05T05:08:00	86.1390	120.5032	20	  10	-1.7737	1	32.4393	1	8.5888	1	...-1.7677	1	-1.7739	32.5945	26.1042	1	8.59	99.98	25.6923	1	-0.0627	0	97.8477	0	0.0094	0	NaN	0	NaN	0	NaN	0
PS122/1_10-41	2019-12-05T05:08:00	86.1390	120.5032	21	   5	-1.7764	1	32.4392	1	8.5949	1	...-1.7704	1	-1.7765	32.5942	26.1040	1	8.59	100.04	25.6878	1	-0.0559	0	97.8423	0	0.0095	0	NaN	0	NaN	0	NaN	0
PS122/1_10-41	2019-12-05T05:08:00	86.1390	120.5032	22	   5	-1.7759	1	32.4393	1	8.5950	1	...-1.7699	1	-1.7760	32.5943	26.1041	1	8.59	100.04	25.6883	1	-0.0504	0	97.8439	0	0.0094	0	NaN	0	NaN	0	NaN	0
PS122/1_10-41	2019-12-05T05:08:00	86.1390	120.5032	23	   5	-1.7757	1	32.4388	1	8.5823	1	...-1.7697	1	-1.7758	32.5938	26.1037	1	8.59	99.90	25.6881	1	-0.0634	0	97.8455	0	0.0094	0	NaN	0	NaN	0	NaN	0
PS122/1_10-41	2019-12-05T05:08:00	86.1390	120.5032	24	   5	-1.7759	1	32.4384	1	8.5940	1	...-1.7699	1	-1.7760	32.5934	26.1034	1	8.59	100.03	25.6876	1	-0.0556	0	97.8498	0	0.0094	0	NaN	0	NaN	0	NaN	0
PS122/1_10-44	2019-12-05T07:23:00	86.1410	120.7385	 1	4434	-0.6239	1	34.9354	1	6.6872	1	...-0.9230	1	-0.9262	35.1045	28.1028	1	8.18	81.71	30.2267	1	-0.1337	0	98.2991	0	0.0000	0	NaN	0	NaN	0	NaN	0
PS122/1_10-44	2019-12-05T07:23:00	86.1410	120.7385	 2	4434	-0.6240	1	34.9354	1	6.6920	1	...-0.9231	1	-0.9263	35.1045	28.1028	1	8.18	81.77	30.2266	1	-0.1337	0	98.2699	0	0.0000	0	NaN	0	NaN	0	NaN	0
PS122/1_10-44	2019-12-05T07:23:00	86.1410	120.7385	 3	4082	-0.6608	1	34.9358	1	6.6794	3	...-0.9236	1	-0.9267	35.1048	28.1031	1	8.19	81.54	30.0758	1	-0.1334	0	98.3056	0	0.0000	0	NaN	0	NaN	0	NaN	0
PS122/1_10-44	2019-12-05T07:23:00	86.1410	120.7385	 4	3568	-0.7130	1	34.9316	1	6.6831	3	...-0.9261	1	-0.9291	35.1004	28.0996	1	8.20	81.46	29.8467	1	-0.1343	0	98.3536	0	0.0000	0	NaN	0	NaN	0	NaN	0
PS122/1_10-44	2019-12-05T07:23:00	86.1410	120.7385	 5	3055	-0.7410	1	34.9255	1	6.6829	3	...-0.9095	1	-0.9123	35.0943	28.0940	1	8.21	81.40	29.6297	1	-0.1301	0	98.3784	0	0.0000	0	NaN	0	NaN	0	NaN	0
PS122/1_10-44	2019-12-05T07:23:00	86.1410	120.7385	 6	2543	-0.7379	1	34.9186	1	6.7078	3	...-0.8668	1	-0.8695	35.0873	28.0866	1	8.21	81.70	29.4315	1	-0.1334	0	98.3833	0	0.0000	0	NaN	0	NaN	0	NaN	0
PS122/1_10-44	2019-12-05T07:23:00	86.1410	120.7385	 7	1522	-0.4851	1	34.9097	1	6.8253	3	...-0.5513	1	-0.5534	35.0782	28.0652	1	8.15	83.70	29.2273	1	-0.1243	0	98.3266	0	0.0098	0	NaN	0	NaN	0	NaN	0
PS122/1_10-44	2019-12-05T07:23:00	86.1410	120.7385	 8	1014	-0.0733	1	34.8997	1	6.9324	3	...-0.1161	1	-0.1177	35.0672	28.0347	1	8.07	85.94	29.3546	1	-0.1305	0	98.3374	0	0.0098	0	NaN	0	NaN	0	NaN	0
PS122/1_10-44	2019-12-05T07:23:00	86.1410	120.7385	 9	1014	-0.0729	1	34.8999	1	6.9330	3	...-0.1157	1	-0.1173	35.0674	28.0348	1	8.07	85.95	29.3551	1	-0.1269	0	98.3353	0	0.0098	0	NaN	0	NaN	0	NaN	0
PS122/1_10-44	2019-12-05T07:23:00	86.1410	120.7385	10	 760	0.2755	1	34.8930	1	6.9359	3	...0.2429	1	0.2417	35.0601	28.0093	1	7.99	86.78	29.5376	1	-0.1269	0	98.3018	0	0.0098	0	NaN	0	NaN	0	NaN	0
PS122/1_10-44	2019-12-05T07:23:00	86.1410	120.7385	11	 506	0.9468	1	34.8971	1	6.9463	3	...0.9230	1	0.9225	35.0641	27.9703	1	7.85	88.46	30.0076	1	-0.1314	0	98.3223	0	0.0097	0	NaN	0	NaN	0	NaN	0
PS122/1_10-44	2019-12-05T07:23:00	86.1410	120.7385	12	 263	1.3975	1	34.8782	1	6.9143	3	...1.3845	1	1.3844	35.0449	27.9230	1	7.76	89.07	30.2743	1	-0.1314	0	98.3201	0	0.0097	0	NaN	0	NaN	0	NaN	0
PS122/1_10-44	2019-12-05T07:23:00	86.1410	120.7385	13	 202	1.2510	1	34.8420	1	6.8978	3	...1.2417	1	1.2413	35.0084	27.9041	1	7.79	88.50	30.0907	1	-0.1314	0	98.3013	0	0.0096	0	NaN	0	NaN	0	NaN	0
PS122/1_10-44	2019-12-05T07:23:00	86.1410	120.7385	14	 152	0.7539	1	34.7254	1	6.9861	3	...0.7488	1	0.7474	34.8912	27.8434	1	7.90	88.41	29.5473	1	-0.1230	0	98.2726	0	0.0097	0	NaN	0	NaN	0	NaN	0
PS122/1_10-44	2019-12-05T07:23:00	86.1410	120.7385	15	 100	-0.9658	1	34.4349	1	7.5197	3	...-0.9651	1	-0.9685	34.5994	27.6975	1	8.29	90.73	27.8418	1	-0.1191	0	98.2127	0	0.0097	0	NaN	0	NaN	0	NaN	0
PS122/1_10-44	2019-12-05T07:23:00	86.1410	120.7385	16	  76	-1.4665	1	34.3350	1	7.6131	3	...-1.4644	1	-1.4682	34.4991	27.6346	1	8.41	90.55	27.3393	1	-0.1038	0	98.1862	0	0.0097	0	NaN	0	NaN	0	NaN	0
PS122/1_10-44	2019-12-05T07:23:00	86.1410	120.7385	17	  50	-1.7375	1	34.0168	1	7.9684	3	...-1.7342	1	-1.7384	34.1799	27.3848	1	8.49	93.87	26.8741	1	-0.0860	0	98.0950	0	0.0097	0	NaN	0	NaN	0	NaN	0
PS122/1_10-44	2019-12-05T07:23:00	86.1410	120.7385	18	  30	-1.7587	1	32.4617	1	8.4811	3	...-1.7530	1	-1.7592	32.6172	26.1223	1	8.59	98.78	25.7293	1	-0.0559	0	97.8320	0	0.0096	0	NaN	0	NaN	0	NaN	0
PS122/1_10-44	2019-12-05T07:23:00	86.1410	120.7385	19	  20	-1.7658	1	32.3357	1	8.5298	3	...-1.7598	1	-1.7661	32.4901	26.0197	1	8.59	99.24	25.6283	1	-0.0569	0	97.8120	0	0.0096	0	NaN	0	NaN	0	NaN	0
PS122/1_10-44	2019-12-05T07:23:00	86.1410	120.7385	20	  20	-1.7654	1	32.3341	1	8.5187	3	...-1.7594	1	-1.7657	32.4885	26.0184	1	8.59	99.11	25.6275	1	-0.0556	0	97.7688	0	0.0096	0	NaN	0	NaN	0	NaN	0
PS122/1_10-44	2019-12-05T07:23:00	86.1410	120.7385	21	  10	-1.7638	1	32.3365	1	8.5265	3	...-1.7577	1	-1.7640	32.4912	26.0205	1	8.59	99.21	25.6260	1	-0.0520	0	97.8288	0	0.0095	0	NaN	0	NaN	0	NaN	0
PS122/1_10-44	2019-12-05T07:23:00	86.1410	120.7385	22	   5	-1.7656	1	32.3346	1	8.5342	3	...-1.7594	1	-1.7657	32.4891	26.0189	1	8.59	99.29	25.6210	1	-0.0556	0	97.8061	0	0.0095	0	NaN	0	NaN	0	NaN	0
PS122/1_10-44	2019-12-05T07:23:00	86.1410	120.7385	23	   2	-1.7665	1	32.3351	1	8.5364	3	...-1.7603	1	-1.7666	32.4895	26.0192	1	8.60	99.32	25.6193	1	-0.0579	0	97.7947	0	0.0095	0	NaN	0	NaN	0	NaN	0
PS122/1_10-44	2019-12-05T07:23:00	86.1410	120.7385	24	   2	-1.7665	1	32.3349	1	8.5340	3	...-1.7603	1	-1.7666	32.4893	26.0190	1	8.60	99.29	25.6191	1	-0.0556	0	97.7407	0	0.0095	0	NaN	0	NaN	0	NaN	0
PS122/1_10-60	2019-12-06T04:44:00	86.1407	122.1840	 1	 506	0.9598	1	34.8975	1	6.9713	1	...0.9359	1	0.9355	35.0645	27.9698	1	7.85	88.81	30.0193	1	-0.1282	0	98.3115	0	0.0096	0	NaN	0	NaN	0	NaN	0
PS122/1_10-60	2019-12-06T04:44:00	86.1407	122.1840	 2	 506	0.9587	1	34.8976	1	6.9703	1	...0.9348	1	0.9344	35.0646	27.9699	1	7.85	88.79	30.0184	1	-0.1282	0	98.2894	0	0.0096	0	NaN	0	NaN	0	NaN	0
PS122/1_10-60	2019-12-06T04:44:00	86.1407	122.1840	 3	 354	1.3730	1	34.9026	1	6.5370	4	...1.3552	1	1.3552	35.0695	27.9448	1	7.77	84.17	30.3136	1	-0.1233	0	98.2726	0	0.0075	0	NaN	0	NaN	0	NaN	0
PS122/1_10-60	2019-12-06T04:44:00	86.1407	122.1840	 4	 354	1.3720	1	34.9025	1	6.5574	4	...1.3542	1	1.3542	35.0694	27.9447	1	7.77	84.43	30.3127	1	-0.1262	0	98.2737	0	0.0075	0	NaN	0	NaN	0	NaN	0
PS122/1_10-60	2019-12-06T04:44:00	86.1407	122.1840	 5	 354	1.3714	1	34.9020	1	6.5750	4	...1.3536	1	1.3536	35.0689	27.9444	1	7.77	84.66	30.3118	1	-0.1282	0	98.2937	0	0.0076	0	NaN	0	NaN	0	NaN	0
PS122/1_10-60	2019-12-06T04:44:00	86.1407	122.1840	 6	 354	1.3728	1	34.9030	1	6.5867	4	...1.3550	1	1.3550	35.0699	27.9451	1	7.77	84.81	30.3138	1	-0.1279	0	98.3110	0	0.0075	0	NaN	0	NaN	0	NaN	0
PS122/1_10-60	2019-12-06T04:44:00	86.1407	122.1840	 7	 354	1.3719	1	34.9032	1	6.5864	4	...1.3541	1	1.3541	35.0701	27.9453	1	7.77	84.81	30.3132	1	-0.1427	0	98.3169	0	0.0076	0	NaN	0	NaN	0	NaN	0
PS122/1_10-60	2019-12-06T04:44:00	86.1407	122.1840	 8	 354	1.3724	1	34.9030	1	6.5771	4	...1.3546	1	1.3546	35.0699	27.9451	1	7.77	84.69	30.3134	1	-0.1275	0	98.3110	0	0.0075	0	NaN	0	NaN	0	NaN	0
PS122/1_10-60	2019-12-06T04:44:00	86.1407	122.1840	 9	 354	1.3727	1	34.9028	1	6.5930	4	...1.3549	1	1.3549	35.0697	27.9449	1	7.77	84.90	30.3135	1	-0.1259	0	98.3061	0	0.0075	0	NaN	0	NaN	0	NaN	0
PS122/1_10-60	2019-12-06T04:44:00	86.1407	122.1840	10	 354	1.3721	1	34.9030	1	6.5892	4	...1.3543	1	1.3543	35.0699	27.9451	1	7.77	84.85	30.3132	1	-0.1223	0	98.3185	0	0.0075	0	NaN	0	NaN	0	NaN	0
PS122/1_10-60	2019-12-06T04:44:00	86.1407	122.1840	11	 354	1.3722	1	34.9031	1	6.5604	4	...1.3544	1	1.3544	35.0700	27.9452	1	7.77	84.47	30.3133	1	-0.1282	0	98.3002	0	0.0075	0	NaN	0	NaN	0	NaN	0
PS122/1_10-60	2019-12-06T04:44:00	86.1407	122.1840	12	 354	1.3724	1	34.9031	1	6.5411	4	...1.3546	1	1.3546	35.0700	27.9452	1	7.77	84.23	30.3135	1	-0.1282	0	98.3142	0	0.0077	0	NaN	0	NaN	0	NaN	0
PS122/1_10-60	2019-12-06T04:44:00	86.1407	122.1840	13	 354	1.3720	1	34.9027	1	6.5495	4	...1.3542	1	1.3542	35.0696	27.9449	1	7.77	84.33	30.3129	1	-0.1246	0	98.3255	0	0.0075	0	NaN	0	NaN	0	NaN	0
PS122/1_10-60	2019-12-06T04:44:00	86.1407	122.1840	14	 354	1.3707	1	34.9037	1	6.5422	4	...1.3529	1	1.3529	35.0706	27.9458	1	7.77	84.24	30.3125	1	-0.1223	0	98.3034	0	0.0075	0	NaN	0	NaN	0	NaN	0
PS122/1_10-60	2019-12-06T04:44:00	86.1407	122.1840	15	 354	1.3708	1	34.9036	1	6.5319	4	...1.3530	1	1.3530	35.0705	27.9457	1	7.77	84.10	30.3125	1	-0.1249	0	98.2964	0	0.0075	0	NaN	0	NaN	0	NaN	0
PS122/1_10-60	2019-12-06T04:44:00	86.1407	122.1840	16	 202	1.2090	1	34.8403	1	6.5015	4	...1.1998	1	1.1994	35.0067	27.9057	1	7.80	83.33	30.0529	1	-0.1249	0	98.3207	0	0.0075	0	NaN	0	NaN	0	NaN	0
PS122/1_10-60	2019-12-06T04:44:00	86.1407	122.1840	17	 152	0.5505	1	34.7146	1	6.6080	4	...0.5459	1	0.5443	34.8804	27.8473	1	7.94	83.18	29.3635	1	-0.1223	0	98.2791	0	0.0075	0	NaN	0	NaN	0	NaN	0
PS122/1_10-60	2019-12-06T04:44:00	86.1407	122.1840	18	 152	0.6369	1	34.7129	1	6.6413	4	...0.6321	1	0.6305	34.8787	27.8406	1	7.93	83.79	29.4365	1	-0.1191	0	98.2688	0	0.0077	0	NaN	0	NaN	0	NaN	0
PS122/1_10-60	2019-12-06T04:44:00	86.1407	122.1840	19	 101	-0.9629	1	34.4400	1	7.1454	4	...-0.9622	1	-0.9656	34.6045	27.7016	1	8.29	86.22	27.8485	1	-0.1210	0	98.2310	0	0.0076	0	NaN	0	NaN	0	NaN	0
PS122/1_10-60	2019-12-06T04:44:00	86.1407	122.1840	20	 101	-0.9699	1	34.4409	1	7.1936	4	...-0.9692	1	-0.9726	34.6054	27.7026	1	8.29	86.79	27.8433	1	-0.1204	0	98.2283	0	0.0075	0	NaN	0	NaN	0	NaN	0
PS122/1_10-60	2019-12-06T04:44:00	86.1407	122.1840	21	  20	-1.7633	1	32.1962	1	8.2325	4	...-1.7572	1	-1.7636	32.3499	25.9063	1	8.60	95.70	25.5296	1	-0.0569	0	97.8196	0	0.0074	0	NaN	0	NaN	0	NaN	0
PS122/1_10-60	2019-12-06T04:44:00	86.1407	122.1840	22	  20	-1.7640	1	32.1960	1	8.1941	4	...-1.7579	1	-1.7643	32.3497	25.9062	1	8.60	95.25	25.5289	1	-0.0439	0	97.8207	0	0.0074	0	NaN	0	NaN	0	NaN	0
PS122/1_10-60	2019-12-06T04:44:00	86.1407	122.1840	23	  10	-1.7547	1	32.1935	1	8.2285	4	...-1.7484	1	-1.7549	32.3476	25.9042	1	8.60	95.67	25.5299	1	-0.0608	0	97.8353	0	0.0073	0	NaN	0	NaN	0	NaN	0
PS122/1_10-60	2019-12-06T04:44:00	86.1407	122.1840	24	  10	-1.7560	1	32.1944	1	8.2035	4	...-1.7497	1	-1.7562	32.3485	25.9050	1	8.60	95.38	25.5295	1	-0.0429	0	97.8239	0	0.0074	0	NaN	0	NaN	0	NaN	0
PS122/1_10-64	2019-12-06T10:13:00	86.1388	122.2923	 1	1014	-0.0690	1	34.8992	1	6.9779	1	...-0.1118	1	-0.1134	35.0667	28.0341	1	8.07	86.52	29.3579	1	-0.1353	0	98.2802	0	0.0094	0	NaN	0	NaN	0	NaN	0
PS122/1_10-64	2019-12-06T10:13:00	86.1388	122.2923	 2	1014	-0.0714	1	34.8988	1	6.9671	1	...-0.1142	1	-0.1158	35.0663	28.0339	1	8.07	86.38	29.3555	1	-0.1272	0	98.2905	0	0.0094	0	NaN	0	NaN	0	NaN	0
PS122/1_10-64	2019-12-06T10:13:00	86.1388	122.2923	 3	 506	0.9601	1	34.8976	1	6.9502	4	...0.9362	1	0.9358	35.0646	27.9699	1	7.85	88.54	30.0195	1	-0.1340	0	98.2516	0	0.0090	0	NaN	0	NaN	0	NaN	0
PS122/1_10-64	2019-12-06T10:13:00	86.1388	122.2923	 4	 506	0.9439	1	34.9006	1	6.9533	4	...0.9201	1	0.9197	35.0676	27.9733	1	7.85	88.54	30.0078	1	-0.1376	0	98.2878	0	0.0082	0	NaN	0	NaN	0	NaN	0
PS122/1_10-64	2019-12-06T10:13:00	86.1388	122.2923	 5	 253	1.3743	1	34.8788	1	6.9061	4	...1.3619	1	1.3618	35.0455	27.9251	1	7.77	88.92	30.2499	1	-0.1243	0	98.2829	0	0.0082	0	NaN	0	NaN	0	NaN	0
PS122/1_10-64	2019-12-06T10:13:00	86.1388	122.2923	 6	 253	1.3747	1	34.8794	1	6.9241	4	...1.3623	1	1.3622	35.0461	27.9256	1	7.77	89.15	30.2507	1	-0.1269	0	98.2699	0	0.0081	0	NaN	0	NaN	0	NaN	0
PS122/1_10-64	2019-12-06T10:13:00	86.1388	122.2923	 7	 202	1.2028	1	34.8396	1	6.8814	4	...1.1937	1	1.1932	35.0060	27.9055	1	7.80	88.18	30.0470	1	-0.1246	0	98.2797	0	0.0082	0	NaN	0	NaN	0	NaN	0
PS122/1_10-64	2019-12-06T10:13:00	86.1388	122.2923	 8	 202	1.2025	1	34.8395	1	6.8596	4	...1.1934	1	1.1929	35.0059	27.9055	1	7.80	87.90	30.0467	1	-0.1266	0	98.2667	0	0.0080	0	NaN	0	NaN	0	NaN	0
PS122/1_10-64	2019-12-06T10:13:00	86.1388	122.2923	 9	 202	1.2022	1	34.8396	1	6.7964	4	...1.1931	1	1.1926	35.0060	27.9056	1	7.80	87.09	30.0465	1	-0.1282	0	98.2878	0	0.0078	0	NaN	0	NaN	0	NaN	0
PS122/1_10-64	2019-12-06T10:13:00	86.1388	122.2923	10	 152	0.7413	1	34.7391	1	6.8918	4	...0.7362	1	0.7348	34.9050	27.8552	1	7.90	87.20	29.5466	1	-0.1285	0	98.2526	0	0.0077	0	NaN	0	NaN	0	NaN	0
PS122/1_10-64	2019-12-06T10:13:00	86.1388	122.2923	11	 152	0.7277	1	34.7523	1	6.8981	4	...0.7225	1	0.7212	34.9183	27.8667	1	7.91	87.26	29.5451	1	-0.1223	0	98.2559	0	0.0077	0	NaN	0	NaN	0	NaN	0
PS122/1_10-64	2019-12-06T10:13:00	86.1388	122.2923	12	 101	-0.9046	1	34.4390	1	7.3968	4	...-0.9040	1	-0.9074	34.6035	27.6984	1	8.27	89.40	27.8967	1	-0.1191	0	98.1997	0	0.0077	0	NaN	0	NaN	0	NaN	0
PS122/1_10-64	2019-12-06T10:13:00	86.1388	122.2923	13	 101	-0.8309	1	34.3889	1	7.3706	4	...-0.8302	1	-0.8337	34.5532	27.6549	1	8.26	89.23	27.9218	1	-0.1243	0	98.1905	0	0.0077	0	NaN	0	NaN	0	NaN	0
PS122/1_10-64	2019-12-06T10:13:00	86.1388	122.2923	14	 101	-0.8074	1	34.4582	1	7.3624	4	...-0.8070	1	-0.8103	34.6228	27.7100	1	8.25	89.23	27.9926	1	-0.1188	0	98.2159	0	0.0077	0	NaN	0	NaN	0	NaN	0
PS122/1_10-64	2019-12-06T10:13:00	86.1388	122.2923	15	  50	-1.7217	1	33.9536	1	7.8263	4	...-1.7183	1	-1.7226	34.1164	27.3331	1	8.49	92.19	26.8418	1	-0.0873	0	98.0836	0	0.0076	0	NaN	0	NaN	0	NaN	0
PS122/1_10-64	2019-12-06T10:13:00	86.1388	122.2923	16	  50	-1.7168	1	33.9667	1	7.8011	4	...-1.7134	1	-1.7178	34.1296	27.3436	1	8.49	91.92	26.8552	1	-0.0786	0	98.0874	0	0.0077	0	NaN	0	NaN	0	NaN	0
PS122/1_10-64	2019-12-06T10:13:00	86.1388	122.2923	17	  50	-1.7212	1	33.9511	1	7.7962	4	...-1.7178	1	-1.7221	34.1139	27.3310	1	8.49	91.84	26.8404	1	-0.0799	0	98.0728	0	0.0076	0	NaN	0	NaN	0	NaN	0
PS122/1_10-64	2019-12-06T10:13:00	86.1388	122.2923	18	  20	-1.7644	1	32.2617	1	8.4103	4	...-1.7584	1	-1.7647	32.4158	25.9596	1	8.60	97.80	25.5760	1	-0.0562	0	97.8017	0	0.0077	0	NaN	0	NaN	0	NaN	0
PS122/1_10-64	2019-12-06T10:13:00	86.1388	122.2923	19	  20	-1.7646	1	32.2501	1	8.3974	4	...-1.7585	1	-1.7649	32.4041	25.9501	1	8.60	97.65	25.5675	1	-0.0621	0	97.7969	0	0.0075	0	NaN	0	NaN	0	NaN	0
PS122/1_10-64	2019-12-06T10:13:00	86.1388	122.2923	20	  10	-1.7652	1	32.1895	1	8.3986	4	...-1.7589	1	-1.7654	32.3435	25.9012	1	8.60	97.62	25.5189	1	-0.0605	0	97.8071	0	0.0077	0	NaN	0	NaN	0	NaN	0
PS122/1_10-64	2019-12-06T10:13:00	86.1388	122.2923	21	  10	-1.7652	1	32.1895	1	8.3690	4	...-1.7589	1	-1.7654	32.3435	25.9012	1	8.60	97.27	25.5189	1	-0.0592	0	97.8061	0	0.0075	0	NaN	0	NaN	0	NaN	0
PS122/1_10-64	2019-12-06T10:13:00	86.1388	122.2923	22	   2	-1.7591	1	32.1893	1	8.3861	4	...-1.7527	1	-1.7592	32.3430	25.9007	1	8.60	97.49	25.5199	1	-0.0556	0	97.8115	0	0.0075	0	NaN	0	NaN	0	NaN	0
PS122/1_10-64	2019-12-06T10:13:00	86.1388	122.2923	23	   2	-1.7593	1	32.1895	1	8.3808	4	...-1.7529	1	-1.7594	32.3432	25.9008	1	8.60	97.43	25.5199	1	-0.0618	0	97.8012	0	0.0075	0	NaN	0	NaN	0	NaN	0
PS122/1_10-64	2019-12-06T10:13:00	86.1388	122.2923	24	   2	-1.7592	1	32.1893	1	8.3683	4	...-1.7528	1	-1.7593	32.3430	25.9007	1	8.60	97.28	25.5198	1	-0.0436	0	97.8039	0	0.0077	0	NaN	0	NaN	0	NaN	0
